#name, percent, n, avrg, half length, lower ci endpoint, upper ci endpoint

Credit_Collection_Tickets_avrg_iid 95 30 175.369837 17.101423 192.471261 158.268414
Credit_Collection_Tickets_count_iid 95 30 13.300000 1.229153 14.529153 12.070847
Credit_Collection_Tickets_max_iid 95 30 488.333333 23.858333 512.191667 464.475000
Credit_Collection_Tickets_min_iid 95 30 53.333333 3.227229 56.560562 50.106105
Credit_Collection_Tickets_sum_iid 95 30 2325.000000 304.804607 2629.804607 2020.195393
Expired_Tickets_avrg_iid 95 30 166.968811 12.067537 179.036349 154.901274
Expired_Tickets_count_iid 95 30 23.166667 1.966105 25.132772 21.200562
Expired_Tickets_max_iid 95 30 500.000000 0.000000 500.000000 500.000000
Expired_Tickets_min_iid 95 30 50.000000 0.000000 50.000000 50.000000
Expired_Tickets_sum_iid 95 30 3871.666667 425.698815 4297.365482 3445.967852
Paid_Tickets_avrg_iid 95 30 163.949719 5.006103 168.955822 158.943616
Paid_Tickets_count_iid 95 30 163.533333 2.196267 165.729600 161.337066
Paid_Tickets_max_iid 95 30 500.000000 0.000000 500.000000 500.000000
Paid_Tickets_min_iid 95 30 50.000000 0.000000 50.000000 50.000000
Paid_Tickets_sum_iid 95 30 26805.000000 872.648559 27677.648559 25932.351441
