#name, percent, n, avrg, half length, lower ci endpoint, upper ci endpoint

Credit_Collection_Tickets_avrg_iid 90 30 172.556336 11.474962 184.031298 161.081373
Credit_Collection_Tickets_count_iid 90 30 13.733333 1.269674 15.003008 12.463659
Credit_Collection_Tickets_max_iid 90 30 486.666667 22.653333 509.320000 464.013333
Credit_Collection_Tickets_min_iid 90 30 52.500000 2.366223 54.866223 50.133777
Credit_Collection_Tickets_sum_iid 90 30 2386.666667 290.507567 2677.174234 2096.159100
Expired_Tickets_avrg_iid 90 30 161.971345 12.836882 174.808228 149.134463
Expired_Tickets_count_iid 90 30 13.933333 0.906865 14.840199 13.026468
Expired_Tickets_max_iid 90 30 453.333333 37.536851 490.870185 415.796482
Expired_Tickets_min_iid 90 30 54.166667 3.576012 57.742679 50.590654
Expired_Tickets_sum_iid 90 30 2283.333333 241.860553 2525.193886 2041.472781
Paid_Tickets_avrg_iid 90 30 158.569382 3.310801 161.880184 155.258581
Paid_Tickets_count_iid 90 30 172.333333 1.642064 173.975397 170.691270
Paid_Tickets_max_iid 90 30 500.000000 0.000000 500.000000 500.000000
Paid_Tickets_min_iid 90 30 50.000000 0.000000 50.000000 50.000000
Paid_Tickets_sum_iid 90 30 27345.833333 702.664704 28048.498038 26643.168629
