#name, percent, n, avrg, half length, lower ci endpoint, upper ci endpoint

Credit_Collection_Tickets_avrg_iid 95 30 158.407728 17.137654 175.545382 141.270074
Credit_Collection_Tickets_count_iid 95 30 11.466667 1.299798 12.766464 10.166869
Credit_Collection_Tickets_max_iid 95 30 441.666667 49.533169 491.199835 392.133498
Credit_Collection_Tickets_min_iid 95 30 57.500000 4.993588 62.493588 52.506412
Credit_Collection_Tickets_sum_iid 95 30 1777.500000 225.466933 2002.966933 1552.033067
Expired_Tickets_avrg_iid 95 30 158.193527 5.137825 163.331352 153.055702
Expired_Tickets_count_iid 95 30 40.800000 1.662234 42.462234 39.137766
Expired_Tickets_max_iid 95 30 500.000000 0.000000 500.000000 500.000000
Expired_Tickets_min_iid 95 30 50.000000 0.000000 50.000000 50.000000
Expired_Tickets_sum_iid 95 30 6472.500000 383.520545 6856.020545 6088.979455
Paid_Tickets_avrg_iid 95 30 161.607602 5.447527 167.055130 156.160075
Paid_Tickets_count_iid 95 30 147.733333 1.938653 149.671986 145.794681
Paid_Tickets_max_iid 95 30 500.000000 0.000000 500.000000 500.000000
Paid_Tickets_min_iid 95 30 50.000000 0.000000 50.000000 50.000000
Paid_Tickets_sum_iid 95 30 23888.333333 912.518519 24800.851853 22975.814814
