#name, percent, n, avrg, half length, lower ci endpoint, upper ci endpoint

Credit_Collection_Tickets_avrg_iid 99 30 158.407728 23.096026 181.503754 135.311701
Credit_Collection_Tickets_count_iid 99 30 11.466667 1.751708 13.218374 9.714959
Credit_Collection_Tickets_max_iid 99 30 441.666667 66.754725 508.421392 374.911942
Credit_Collection_Tickets_min_iid 99 30 57.500000 6.729746 64.229746 50.770254
Credit_Collection_Tickets_sum_iid 99 30 1777.500000 303.856659 2081.356659 1473.643341
Expired_Tickets_avrg_iid 99 30 158.193527 6.924130 165.117658 151.269397
Expired_Tickets_count_iid 99 30 40.800000 2.240154 43.040154 38.559846
Expired_Tickets_max_iid 99 30 500.000000 0.000000 500.000000 500.000000
Expired_Tickets_min_iid 99 30 50.000000 0.000000 50.000000 50.000000
Expired_Tickets_sum_iid 99 30 6472.500000 516.861917 6989.361917 5955.638083
Paid_Tickets_avrg_iid 99 30 161.607602 7.341509 168.949111 154.266094
Paid_Tickets_count_iid 99 30 147.733333 2.612678 150.346012 145.120655
Paid_Tickets_max_iid 99 30 500.000000 0.000000 500.000000 500.000000
Paid_Tickets_min_iid 99 30 50.000000 0.000000 50.000000 50.000000
Paid_Tickets_sum_iid 99 30 23888.333333 1229.780459 25118.113792 22658.552874
