#name, percent, n, avrg, half length, lower ci endpoint, upper ci endpoint

Credit_Collection_Tickets_avrg_iid 90 30 158.407728 14.238080 172.645808 144.169648
Credit_Collection_Tickets_count_iid 90 30 11.466667 1.079881 12.546547 10.386786
Credit_Collection_Tickets_max_iid 90 30 441.666667 41.152495 482.819162 400.514171
Credit_Collection_Tickets_min_iid 90 30 57.500000 4.148707 61.648707 53.351293
Credit_Collection_Tickets_sum_iid 90 30 1777.500000 187.319472 1964.819472 1590.180528
Expired_Tickets_avrg_iid 90 30 158.193527 4.268540 162.462068 153.924987
Expired_Tickets_count_iid 90 30 40.800000 1.380995 42.180995 39.419005
Expired_Tickets_max_iid 90 30 500.000000 0.000000 500.000000 500.000000
Expired_Tickets_min_iid 90 30 50.000000 0.000000 50.000000 50.000000
Expired_Tickets_sum_iid 90 30 6472.500000 318.631494 6791.131494 6153.868506
Paid_Tickets_avrg_iid 90 30 161.607602 4.525843 166.133445 157.081759
Paid_Tickets_count_iid 90 30 147.733333 1.610646 149.343979 146.122687
Paid_Tickets_max_iid 90 30 500.000000 0.000000 500.000000 500.000000
Paid_Tickets_min_iid 90 30 50.000000 0.000000 50.000000 50.000000
Paid_Tickets_sum_iid 90 30 23888.333333 758.126633 24646.459966 23130.206701
