#name, percent, n, avrg, half length, lower ci endpoint, upper ci endpoint

Credit_Collection_Tickets_avrg_iid 99 30 158.810355 21.783076 180.593431 137.027280
Credit_Collection_Tickets_count_iid 99 30 14.666667 2.069726 16.736393 12.596941
Credit_Collection_Tickets_max_iid 99 30 453.333333 60.889677 514.223011 392.443656
Credit_Collection_Tickets_min_iid 99 30 51.666667 3.191486 54.858153 48.475180
Credit_Collection_Tickets_sum_iid 99 30 2360.000000 485.295597 2845.295597 1874.704403
Expired_Tickets_avrg_iid 99 30 135.948413 39.912176 175.860588 96.036237
Expired_Tickets_count_iid 99 30 3.033333 0.881319 3.914653 2.152014
Expired_Tickets_max_iid 99 30 240.833333 95.429671 336.263004 145.403662
Expired_Tickets_min_iid 99 30 66.666667 14.144751 80.811418 52.521916
Expired_Tickets_sum_iid 99 30 471.666667 209.654867 681.321533 262.011800
Paid_Tickets_avrg_iid 99 30 164.183669 5.247022 169.430691 158.936647
Paid_Tickets_count_iid 99 30 182.300000 2.243076 184.543076 180.056924
Paid_Tickets_max_iid 99 30 500.000000 0.000000 500.000000 500.000000
Paid_Tickets_min_iid 99 30 50.000000 0.000000 50.000000 50.000000
Paid_Tickets_sum_iid 99 30 29940.000000 1090.328878 31030.328878 28849.671122
