#name, percent, n, avrg, half length, lower ci endpoint, upper ci endpoint

Credit_Collection_Tickets_avrg_iid 95 30 173.670925 17.491296 191.162221 156.179629
Credit_Collection_Tickets_count_iid 95 30 15.200000 1.140927 16.340927 14.059073
Credit_Collection_Tickets_max_iid 95 30 476.666667 33.153938 509.820604 443.512729
Credit_Collection_Tickets_min_iid 95 30 50.833333 1.704167 52.537500 49.129167
Credit_Collection_Tickets_sum_iid 95 30 2662.500000 321.392772 2983.892772 2341.107228
Expired_Tickets_avrg_iid 95 30 161.253968 27.288192 188.542160 133.965776
Expired_Tickets_count_iid 95 30 4.600000 0.697467 5.297467 3.902533
Expired_Tickets_max_iid 95 30 327.500000 70.379230 397.879230 257.120770
Expired_Tickets_min_iid 95 30 69.166667 9.392929 78.559595 59.773738
Expired_Tickets_sum_iid 95 30 729.166667 151.146992 880.313659 578.019675
Paid_Tickets_avrg_iid 95 30 164.865919 4.145896 169.011815 160.720023
Paid_Tickets_count_iid 95 30 180.200000 1.408651 181.608651 178.791349
Paid_Tickets_max_iid 95 30 500.000000 0.000000 500.000000 500.000000
Paid_Tickets_min_iid 95 30 50.000000 0.000000 50.000000 50.000000
Paid_Tickets_sum_iid 95 30 29710.833333 791.409151 30502.242485 28919.424182
