#name, percent, n, avrg, half length, lower ci endpoint, upper ci endpoint

Credit_Collection_Tickets_avrg_iid 99 30 173.670925 23.572622 197.243546 150.098303
Credit_Collection_Tickets_count_iid 99 30 15.200000 1.537602 16.737602 13.662398
Credit_Collection_Tickets_max_iid 99 30 476.666667 44.680808 521.347475 431.985859
Credit_Collection_Tickets_min_iid 99 30 50.833333 2.296667 53.130000 48.536667
Credit_Collection_Tickets_sum_iid 99 30 2662.500000 433.133730 3095.633730 2229.366270
Expired_Tickets_avrg_iid 99 30 161.253968 36.775676 198.029644 124.478292
Expired_Tickets_count_iid 99 30 4.600000 0.939961 5.539961 3.660039
Expired_Tickets_max_iid 99 30 327.500000 94.848489 422.348489 232.651511
Expired_Tickets_min_iid 99 30 69.166667 12.658636 81.825303 56.508030
Expired_Tickets_sum_iid 99 30 729.166667 203.697364 932.864031 525.469303
Paid_Tickets_avrg_iid 99 30 164.865919 5.587330 170.453248 159.278589
Paid_Tickets_count_iid 99 30 180.200000 1.898407 182.098407 178.301593
Paid_Tickets_max_iid 99 30 500.000000 0.000000 500.000000 500.000000
Paid_Tickets_min_iid 99 30 50.000000 0.000000 50.000000 50.000000
Paid_Tickets_sum_iid 99 30 29710.833333 1066.564118 30777.397451 28644.269215
