#name, percent, n, avrg, half length, lower ci endpoint, upper ci endpoint

Credit_Collection_Tickets_avrg_iid 99 100 166.418611 11.920077 178.338688 154.498534
Credit_Collection_Tickets_count_iid 99 100 12.980000 0.806558 13.786558 12.173442
Credit_Collection_Tickets_max_iid 99 100 457.000000 30.978828 487.978828 426.021172
Credit_Collection_Tickets_min_iid 99 100 53.000000 2.353501 55.353501 50.646499
Credit_Collection_Tickets_sum_iid 99 100 2175.750000 212.703196 2388.453196 1963.046804
Expired_Tickets_avrg_iid 99 100 163.273111 8.233601 171.506711 155.039510
Expired_Tickets_count_iid 99 100 26.150000 1.101891 27.251891 25.048109
Expired_Tickets_max_iid 99 100 496.500000 9.250500 505.750500 487.249500
Expired_Tickets_min_iid 99 100 50.000000 0.000000 50.000000 50.000000
Expired_Tickets_sum_iid 99 100 4275.500000 295.175312 4570.675312 3980.324688
Paid_Tickets_avrg_iid 99 100 162.882601 3.245441 166.128042 159.637160
Paid_Tickets_count_iid 99 100 160.870000 1.251378 162.121378 159.618622
Paid_Tickets_max_iid 99 100 500.000000 0.000000 500.000000 500.000000
Paid_Tickets_min_iid 99 100 50.000000 0.000000 50.000000 50.000000
Paid_Tickets_sum_iid 99 100 26201.000000 549.476034 26750.476034 25651.523966
