#name, percent, n, avrg, half length, lower ci endpoint, upper ci endpoint

Credit_Collection_Tickets_avrg_iid 90 100 166.418611 7.509243 173.927854 158.909368
Credit_Collection_Tickets_count_iid 90 100 12.980000 0.508104 13.488104 12.471896
Credit_Collection_Tickets_max_iid 90 100 457.000000 19.515607 476.515607 437.484393
Credit_Collection_Tickets_min_iid 90 100 53.000000 1.482626 54.482626 51.517374
Credit_Collection_Tickets_sum_iid 90 100 2175.750000 133.995770 2309.745770 2041.754230
Expired_Tickets_avrg_iid 90 100 163.273111 5.186888 168.459999 158.086223
Expired_Tickets_count_iid 90 100 26.150000 0.694154 26.844154 25.455846
Expired_Tickets_max_iid 90 100 496.500000 5.827500 502.327500 490.672500
Expired_Tickets_min_iid 90 100 50.000000 0.000000 50.000000 50.000000
Expired_Tickets_sum_iid 90 100 4275.500000 185.950395 4461.450395 4089.549605
Paid_Tickets_avrg_iid 90 100 162.882601 2.044517 164.927119 160.838084
Paid_Tickets_count_iid 90 100 160.870000 0.788326 161.658326 160.081674
Paid_Tickets_max_iid 90 100 500.000000 0.000000 500.000000 500.000000
Paid_Tickets_min_iid 90 100 50.000000 0.000000 50.000000 50.000000
Paid_Tickets_sum_iid 90 100 26201.000000 346.151191 26547.151191 25854.848809
