#name, percent, n, avrg, half length, lower ci endpoint, upper ci endpoint

Credit_Collection_Tickets_avrg_iid 95 100 166.418611 8.984031 175.402642 157.434580
Credit_Collection_Tickets_count_iid 95 100 12.980000 0.607894 13.587894 12.372106
Credit_Collection_Tickets_max_iid 95 100 457.000000 23.348402 480.348402 433.651598
Credit_Collection_Tickets_min_iid 95 100 53.000000 1.773808 54.773808 51.226192
Credit_Collection_Tickets_sum_iid 95 100 2175.750000 160.312057 2336.062057 2015.437943
Expired_Tickets_avrg_iid 95 100 163.273111 6.205574 169.478685 157.067537
Expired_Tickets_count_iid 95 100 26.150000 0.830483 26.980483 25.319517
Expired_Tickets_max_iid 95 100 496.500000 6.972000 503.472000 489.528000
Expired_Tickets_min_iid 95 100 50.000000 0.000000 50.000000 50.000000
Expired_Tickets_sum_iid 95 100 4275.500000 222.470382 4497.970382 4053.029618
Paid_Tickets_avrg_iid 95 100 162.882601 2.446053 165.328655 160.436548
Paid_Tickets_count_iid 95 100 160.870000 0.943150 161.813150 159.926850
Paid_Tickets_max_iid 95 100 500.000000 0.000000 500.000000 500.000000
Paid_Tickets_min_iid 95 100 50.000000 0.000000 50.000000 50.000000
Paid_Tickets_sum_iid 95 100 26201.000000 414.134037 26615.134037 25786.865963
