#name, percent, n, avrg, half length, lower ci endpoint, upper ci endpoint

Credit_Collection_Tickets_avrg_iid 95 30 168.376885 16.375299 184.752183 152.001586
Credit_Collection_Tickets_count_iid 95 30 13.866667 1.540148 15.406815 12.326518
Credit_Collection_Tickets_max_iid 95 30 476.666667 33.153938 509.820604 443.512729
Credit_Collection_Tickets_min_iid 95 30 51.666667 2.368138 54.034805 49.298528
Credit_Collection_Tickets_sum_iid 95 30 2347.500000 344.053249 2691.553249 2003.446751
Expired_Tickets_avrg_iid 95 30 161.805255 31.642532 193.447787 130.162723
Expired_Tickets_count_iid 95 30 6.800000 1.044132 7.844132 5.755868
Expired_Tickets_max_iid 95 30 365.000000 67.780667 432.780667 297.219333
Expired_Tickets_min_iid 95 30 75.000000 30.517893 105.517893 44.482107
Expired_Tickets_sum_iid 95 30 1040.000000 203.713985 1243.713985 836.286015
Paid_Tickets_avrg_iid 95 30 163.794710 4.249274 168.043984 159.545436
Paid_Tickets_count_iid 95 30 179.333333 2.157848 181.491181 177.175485
Paid_Tickets_max_iid 95 30 500.000000 0.000000 500.000000 500.000000
Paid_Tickets_min_iid 95 30 50.000000 0.000000 50.000000 50.000000
Paid_Tickets_sum_iid 95 30 29377.500000 857.895346 30235.395346 28519.604654
