#name, percent, n, avrg, half length, lower ci endpoint, upper ci endpoint

Credit_Collection_Tickets_avrg_iid 90 30 181.307583 16.454087 197.761669 164.853496
Credit_Collection_Tickets_count_iid 90 30 13.733333 1.119704 14.853037 12.613630
Credit_Collection_Tickets_max_iid 90 30 463.333333 34.784181 498.117515 428.549152
Credit_Collection_Tickets_min_iid 90 30 58.333333 4.239355 62.572689 54.093978
Credit_Collection_Tickets_sum_iid 90 30 2483.333333 293.268362 2776.601695 2190.064971
Expired_Tickets_avrg_iid 90 30 163.669141 15.856122 179.525263 147.813019
Expired_Tickets_count_iid 90 30 10.866667 0.917052 11.783719 9.949614
Expired_Tickets_max_iid 90 30 441.666667 41.152495 482.819162 400.514171
Expired_Tickets_min_iid 90 30 50.833333 1.415833 52.249167 49.417500
Expired_Tickets_sum_iid 90 30 1735.000000 181.485847 1916.485847 1553.514153
Paid_Tickets_avrg_iid 90 30 163.506922 3.503287 167.010209 160.003634
Paid_Tickets_count_iid 90 30 175.400000 1.454024 176.854024 173.945976
Paid_Tickets_max_iid 90 30 500.000000 0.000000 500.000000 500.000000
Paid_Tickets_min_iid 90 30 50.000000 0.000000 50.000000 50.000000
Paid_Tickets_sum_iid 90 30 28688.333333 690.013054 29378.346388 27998.320279
