#name, percent, n, avrg, half length, lower ci endpoint, upper ci endpoint

Credit_Collection_Tickets_avrg_iid 95 100 161.130607 8.466662 169.597269 152.663945
Credit_Collection_Tickets_count_iid 95 100 12.460000 0.637151 13.097151 11.822849
Credit_Collection_Tickets_max_iid 95 100 460.000000 22.826715 482.826715 437.173285
Credit_Collection_Tickets_min_iid 95 100 53.000000 1.626461 54.626461 51.373539
Credit_Collection_Tickets_sum_iid 95 100 2035.250000 151.425380 2186.675380 1883.824620
Expired_Tickets_avrg_iid 95 100 162.265310 5.714269 167.979579 156.551040
Expired_Tickets_count_iid 95 100 33.720000 0.917046 34.637046 32.802954
Expired_Tickets_max_iid 95 100 496.500000 6.972000 503.472000 489.528000
Expired_Tickets_min_iid 95 100 50.000000 0.000000 50.000000 50.000000
Expired_Tickets_sum_iid 95 100 5471.750000 240.901983 5712.651983 5230.848017
Paid_Tickets_avrg_iid 95 100 161.945535 2.402436 164.347971 159.543100
Paid_Tickets_count_iid 95 100 153.820000 1.061789 154.881789 152.758211
Paid_Tickets_max_iid 95 100 500.000000 0.000000 500.000000 500.000000
Paid_Tickets_min_iid 95 100 50.000000 0.000000 50.000000 50.000000
Paid_Tickets_sum_iid 95 100 24905.250000 393.332625 25298.582625 24511.917375
