#name, percent, n, avrg, half length, lower ci endpoint, upper ci endpoint

Credit_Collection_Tickets_avrg_iid 99 100 161.130607 11.233628 172.364236 149.896979
Credit_Collection_Tickets_count_iid 99 100 12.460000 0.845376 13.305376 11.614624
Credit_Collection_Tickets_max_iid 99 100 460.000000 30.286650 490.286650 429.713350
Credit_Collection_Tickets_min_iid 99 100 53.000000 2.158000 55.158000 50.842000
Credit_Collection_Tickets_sum_iid 99 100 2035.250000 200.912289 2236.162289 1834.337711
Expired_Tickets_avrg_iid 99 100 162.265310 7.581734 169.847044 154.683576
Expired_Tickets_count_iid 99 100 33.720000 1.216743 34.936743 32.503257
Expired_Tickets_max_iid 99 100 496.500000 9.250500 505.750500 487.249500
Expired_Tickets_min_iid 99 100 50.000000 0.000000 50.000000 50.000000
Expired_Tickets_sum_iid 99 100 5471.750000 319.630492 5791.380492 5152.119508
Paid_Tickets_avrg_iid 99 100 161.945535 3.187569 165.133104 158.757966
Paid_Tickets_count_iid 99 100 153.820000 1.408789 155.228789 152.411211
Paid_Tickets_max_iid 99 100 500.000000 0.000000 500.000000 500.000000
Paid_Tickets_min_iid 99 100 50.000000 0.000000 50.000000 50.000000
Paid_Tickets_sum_iid 99 100 24905.250000 521.876571 25427.126571 24383.373429
