#name, percent, n, avrg, half length, lower ci endpoint, upper ci endpoint

Credit_Collection_Tickets_avrg_iid 90 100 161.130607 7.076803 168.207411 154.053804
Credit_Collection_Tickets_count_iid 90 100 12.460000 0.532558 12.992558 11.927442
Credit_Collection_Tickets_max_iid 90 100 460.000000 19.079558 479.079558 440.920442
Credit_Collection_Tickets_min_iid 90 100 53.000000 1.359467 54.359467 51.640533
Credit_Collection_Tickets_sum_iid 90 100 2035.250000 126.567900 2161.817900 1908.682100
Expired_Tickets_avrg_iid 90 100 162.265310 4.776234 167.041544 157.489076
Expired_Tickets_count_iid 90 100 33.720000 0.766507 34.486507 32.953493
Expired_Tickets_max_iid 90 100 496.500000 5.827500 502.327500 490.672500
Expired_Tickets_min_iid 90 100 50.000000 0.000000 50.000000 50.000000
Expired_Tickets_sum_iid 90 100 5471.750000 201.356326 5673.106326 5270.393674
Paid_Tickets_avrg_iid 90 100 161.945535 2.008060 163.953595 159.937475
Paid_Tickets_count_iid 90 100 153.820000 0.887489 154.707489 152.932511
Paid_Tickets_max_iid 90 100 500.000000 0.000000 500.000000 500.000000
Paid_Tickets_min_iid 90 100 50.000000 0.000000 50.000000 50.000000
Paid_Tickets_sum_iid 90 100 24905.250000 328.764469 25234.014469 24576.485531
