#name, percent, n, avrg, half length, lower ci endpoint, upper ci endpoint

Credit_Collection_Tickets_avrg_iid 99 100 169.907699 12.313899 182.221598 157.593800
Credit_Collection_Tickets_count_iid 99 100 14.340000 0.995477 15.335477 13.344523
Credit_Collection_Tickets_max_iid 99 100 471.500000 25.702850 497.202850 445.797150
Credit_Collection_Tickets_min_iid 99 100 53.000000 2.353501 55.353501 50.646499
Credit_Collection_Tickets_sum_iid 99 100 2437.750000 247.608763 2685.358763 2190.141237
Expired_Tickets_avrg_iid 99 100 162.259452 21.233439 183.492890 141.026013
Expired_Tickets_count_iid 99 100 4.840000 0.542721 5.382721 4.297279
Expired_Tickets_max_iid 99 100 331.500000 49.709476 381.209476 281.790524
Expired_Tickets_min_iid 99 100 69.500000 12.896813 82.396813 56.603187
Expired_Tickets_sum_iid 99 100 792.750000 126.702655 919.452655 666.047345
Paid_Tickets_avrg_iid 99 100 161.280545 2.949440 164.229985 158.331105
Paid_Tickets_count_iid 99 100 180.820000 1.154431 181.974431 179.665569
Paid_Tickets_max_iid 99 100 500.000000 0.000000 500.000000 500.000000
Paid_Tickets_min_iid 99 100 50.000000 0.000000 50.000000 50.000000
Paid_Tickets_sum_iid 99 100 29160.000000 553.965868 29713.965868 28606.034132
