#name, percent, n, avrg, half length, lower ci endpoint, upper ci endpoint

Credit_Collection_Tickets_avrg_iid 95 100 169.907699 9.280850 179.188549 160.626848
Credit_Collection_Tickets_count_iid 95 100 14.340000 0.750280 15.090280 13.589720
Credit_Collection_Tickets_max_iid 95 100 471.500000 19.371955 490.871955 452.128045
Credit_Collection_Tickets_min_iid 95 100 53.000000 1.773808 54.773808 51.226192
Credit_Collection_Tickets_sum_iid 95 100 2437.750000 186.619999 2624.369999 2251.130001
Expired_Tickets_avrg_iid 95 100 162.259452 16.003409 178.262861 146.256043
Expired_Tickets_count_iid 95 100 4.840000 0.409043 5.249043 4.430957
Expired_Tickets_max_iid 95 100 331.500000 37.465485 368.965485 294.034515
Expired_Tickets_min_iid 95 100 69.500000 9.720186 79.220186 59.779814
Expired_Tickets_sum_iid 95 100 792.750000 95.494396 888.244396 697.255604
Paid_Tickets_avrg_iid 95 100 161.280545 2.222961 163.503505 159.057584
Paid_Tickets_count_iid 95 100 180.820000 0.870082 181.690082 179.949918
Paid_Tickets_max_iid 95 100 500.000000 0.000000 500.000000 500.000000
Paid_Tickets_min_iid 95 100 50.000000 0.000000 50.000000 50.000000
Paid_Tickets_sum_iid 95 100 29160.000000 417.517976 29577.517976 28742.482024
