#name, percent, n, avrg, half length, lower ci endpoint, upper ci endpoint

Credit_Collection_Tickets_avrg_iid 90 100 169.907699 7.757337 177.665036 162.150362
Credit_Collection_Tickets_count_iid 90 100 14.340000 0.627117 14.967117 13.712883
Credit_Collection_Tickets_max_iid 90 100 471.500000 16.191920 487.691920 455.308080
Credit_Collection_Tickets_min_iid 90 100 53.000000 1.482626 54.482626 51.517374
Credit_Collection_Tickets_sum_iid 90 100 2437.750000 155.985089 2593.735089 2281.764911
Expired_Tickets_avrg_iid 90 100 162.259452 13.376343 175.635795 148.883108
Expired_Tickets_count_iid 90 100 4.840000 0.341896 5.181896 4.498104
Expired_Tickets_max_iid 90 100 331.500000 31.315277 362.815277 300.184723
Expired_Tickets_min_iid 90 100 69.500000 8.124553 77.624553 61.375447
Expired_Tickets_sum_iid 90 100 792.750000 79.818358 872.568358 712.931642
Paid_Tickets_avrg_iid 90 100 161.280545 1.858047 163.138592 159.422498
Paid_Tickets_count_iid 90 100 180.820000 0.727252 181.547252 180.092748
Paid_Tickets_max_iid 90 100 500.000000 0.000000 500.000000 500.000000
Paid_Tickets_min_iid 90 100 50.000000 0.000000 50.000000 50.000000
Paid_Tickets_sum_iid 90 100 29160.000000 348.979633 29508.979633 28811.020367
