#name, percent, n, avrg, half length, lower ci endpoint, upper ci endpoint

Credit_Collection_Tickets_avrg_iid 99 30 172.544882 22.695916 195.240798 149.848965
Credit_Collection_Tickets_count_iid 99 30 12.933333 2.046821 14.980154 10.886512
Credit_Collection_Tickets_max_iid 99 30 453.333333 60.889677 514.223011 392.443656
Credit_Collection_Tickets_min_iid 99 30 53.333333 4.349263 57.682596 48.984071
Credit_Collection_Tickets_sum_iid 99 30 2244.166667 460.973906 2705.140573 1783.192761
Expired_Tickets_avrg_iid 99 30 156.824708 10.942703 167.767411 145.882005
Expired_Tickets_count_iid 99 30 38.233333 2.516508 40.749842 35.716825
Expired_Tickets_max_iid 99 30 500.000000 0.000000 500.000000 500.000000
Expired_Tickets_min_iid 99 30 50.000000 0.000000 50.000000 50.000000
Expired_Tickets_sum_iid 99 30 5984.166667 540.367362 6524.534028 5443.799305
Paid_Tickets_avrg_iid 99 30 159.623365 8.514625 168.137990 151.108741
Paid_Tickets_count_iid 99 30 148.833333 2.672640 151.505973 146.160693
Paid_Tickets_max_iid 99 30 500.000000 0.000000 500.000000 500.000000
Paid_Tickets_min_iid 99 30 50.000000 0.000000 50.000000 50.000000
Paid_Tickets_sum_iid 99 30 23758.333333 1345.622036 25103.955369 22412.711298
