#name, percent, n, avrg, half length, lower ci endpoint, upper ci endpoint

Credit_Collection_Tickets_avrg_iid 95 30 178.571077 19.163389 197.734466 159.407688
Credit_Collection_Tickets_count_iid 95 30 12.533333 1.063894 13.597227 11.469439
Credit_Collection_Tickets_max_iid 95 30 500.000000 0.000000 500.000000 500.000000
Credit_Collection_Tickets_min_iid 95 30 51.666667 2.368138 54.034805 49.298528
Credit_Collection_Tickets_sum_iid 95 30 2182.500000 222.715876 2405.215876 1959.784124
Expired_Tickets_avrg_iid 95 30 165.609765 9.624393 175.234158 155.985372
Expired_Tickets_count_iid 95 30 41.033333 2.277392 43.310725 38.755942
Expired_Tickets_max_iid 95 30 500.000000 0.000000 500.000000 500.000000
Expired_Tickets_min_iid 95 30 50.833333 1.704167 52.537500 49.129167
Expired_Tickets_sum_iid 95 30 6758.333333 458.072375 7216.405708 6300.260959
Paid_Tickets_avrg_iid 95 30 159.261055 5.086855 164.347910 154.174200
Paid_Tickets_count_iid 95 30 146.433333 2.305085 148.738418 144.128249
Paid_Tickets_max_iid 95 30 500.000000 0.000000 500.000000 500.000000
Paid_Tickets_min_iid 95 30 50.000000 0.000000 50.000000 50.000000
Paid_Tickets_sum_iid 95 30 23329.166667 859.755447 24188.922113 22469.411220
