#name, percent, n, avrg, half length, lower ci endpoint, upper ci endpoint

Credit_Collection_Tickets_avrg_iid 99 30 178.571077 25.826064 204.397141 152.745013
Credit_Collection_Tickets_count_iid 99 30 12.533333 1.433786 13.967119 11.099547
Credit_Collection_Tickets_max_iid 99 30 500.000000 0.000000 500.000000 500.000000
Credit_Collection_Tickets_min_iid 99 30 51.666667 3.191486 54.858153 48.475180
Credit_Collection_Tickets_sum_iid 99 30 2182.500000 300.149122 2482.649122 1882.350878
Expired_Tickets_avrg_iid 99 30 165.609765 12.970575 178.580340 152.639189
Expired_Tickets_count_iid 99 30 41.033333 3.069189 44.102522 37.964145
Expired_Tickets_max_iid 99 30 500.000000 0.000000 500.000000 500.000000
Expired_Tickets_min_iid 99 30 50.833333 2.296667 53.130000 48.536667
Expired_Tickets_sum_iid 99 30 6758.333333 617.333723 7375.667057 6140.999610
Paid_Tickets_avrg_iid 99 30 159.261055 6.855439 166.116494 152.405616
Paid_Tickets_count_iid 99 30 146.433333 3.106510 149.539843 143.326823
Paid_Tickets_max_iid 99 30 500.000000 0.000000 500.000000 500.000000
Paid_Tickets_min_iid 99 30 50.000000 0.000000 50.000000 50.000000
Paid_Tickets_sum_iid 99 30 23329.166667 1158.672866 24487.839533 22170.493801
