#name, percent, n, avrg, half length, lower ci endpoint, upper ci endpoint

Credit_Collection_Tickets_avrg_iid 90 30 178.571077 15.921075 194.492152 162.650002
Credit_Collection_Tickets_count_iid 90 30 12.533333 0.883891 13.417224 11.649443
Credit_Collection_Tickets_max_iid 90 30 500.000000 0.000000 500.000000 500.000000
Credit_Collection_Tickets_min_iid 90 30 51.666667 1.967466 53.634132 49.699201
Credit_Collection_Tickets_sum_iid 90 30 2182.500000 185.033875 2367.533875 1997.466125
Expired_Tickets_avrg_iid 90 30 165.609765 7.996012 173.605776 157.613753
Expired_Tickets_count_iid 90 30 41.033333 1.892072 42.925406 39.141261
Expired_Tickets_max_iid 90 30 500.000000 0.000000 500.000000 500.000000
Expired_Tickets_min_iid 90 30 50.833333 1.415833 52.249167 49.417500
Expired_Tickets_sum_iid 90 30 6758.333333 380.569665 7138.902998 6377.763669
Paid_Tickets_avrg_iid 90 30 159.261055 4.226194 163.487249 155.034861
Paid_Tickets_count_iid 90 30 146.433333 1.915080 148.348413 144.518253
Paid_Tickets_max_iid 90 30 500.000000 0.000000 500.000000 500.000000
Paid_Tickets_min_iid 90 30 50.000000 0.000000 50.000000 50.000000
Paid_Tickets_sum_iid 90 30 23329.166667 714.290711 24043.457378 22614.875956
