#name, percent, n, avrg, half length, lower ci endpoint, upper ci endpoint

Credit_Collection_Tickets_avrg_iid 99 30 178.243221 25.336372 203.579594 152.906849
Credit_Collection_Tickets_count_iid 99 30 12.966667 1.745467 14.712133 11.221200
Credit_Collection_Tickets_max_iid 99 30 453.333333 60.889677 514.223011 392.443656
Credit_Collection_Tickets_min_iid 99 30 56.666667 6.551715 63.218381 50.114952
Credit_Collection_Tickets_sum_iid 99 30 2330.000000 451.812345 2781.812345 1878.187655
Expired_Tickets_avrg_iid 99 30 166.587970 17.815945 184.403916 148.772025
Expired_Tickets_count_iid 99 30 26.000000 2.288733 28.288733 23.711267
Expired_Tickets_max_iid 99 30 488.333333 32.153333 520.486667 456.180000
Expired_Tickets_min_iid 99 30 54.166667 4.768195 58.934861 49.398472
Expired_Tickets_sum_iid 99 30 4328.333333 555.388700 4883.722034 3772.944633
Paid_Tickets_avrg_iid 99 30 164.653825 5.215442 169.869267 159.438382
Paid_Tickets_count_iid 99 30 161.033333 2.686975 163.720308 158.346359
Paid_Tickets_max_iid 99 30 500.000000 0.000000 500.000000 500.000000
Paid_Tickets_min_iid 99 30 50.000000 0.000000 50.000000 50.000000
Paid_Tickets_sum_iid 99 30 26527.500000 1032.239232 27559.739232 25495.260768
