#name, percent, n, avrg, half length, lower ci endpoint, upper ci endpoint

Credit_Collection_Tickets_avrg_iid 95 100 167.747378 8.708704 176.456082 159.038674
Credit_Collection_Tickets_count_iid 95 100 13.180000 0.703498 13.883498 12.476502
Credit_Collection_Tickets_max_iid 95 100 472.000000 19.009850 491.009850 452.990150
Credit_Collection_Tickets_min_iid 95 100 53.250000 1.826000 55.076000 51.424000
Credit_Collection_Tickets_sum_iid 95 100 2184.750000 148.897626 2333.647626 2035.852374
Expired_Tickets_avrg_iid 95 100 160.734754 6.768710 167.503465 153.966044
Expired_Tickets_count_iid 95 100 19.700000 0.744531 20.444531 18.955469
Expired_Tickets_max_iid 95 100 493.000000 9.809973 502.809973 483.190027
Expired_Tickets_min_iid 95 100 50.750000 0.853804 51.603804 49.896196
Expired_Tickets_sum_iid 95 100 3166.750000 181.372212 3348.122212 2985.377788
Paid_Tickets_avrg_iid 95 100 162.605967 2.394895 165.000863 160.211072
Paid_Tickets_count_iid 95 100 167.120000 1.006719 168.126719 166.113281
Paid_Tickets_max_iid 95 100 500.000000 0.000000 500.000000 500.000000
Paid_Tickets_min_iid 95 100 50.000000 0.000000 50.000000 50.000000
Paid_Tickets_sum_iid 95 100 27179.750000 445.255816 27625.005816 26734.494184
