#name, percent, n, avrg, half length, lower ci endpoint, upper ci endpoint

Credit_Collection_Tickets_avrg_iid 90 100 167.747378 7.279113 175.026490 160.468265
Credit_Collection_Tickets_count_iid 90 100 13.180000 0.588014 13.768014 12.591986
Credit_Collection_Tickets_max_iid 90 100 472.000000 15.889257 487.889257 456.110743
Credit_Collection_Tickets_min_iid 90 100 53.250000 1.526250 54.776250 51.723750
Credit_Collection_Tickets_sum_iid 90 100 2184.750000 124.455094 2309.205094 2060.294906
Expired_Tickets_avrg_iid 90 100 160.734754 5.657582 166.392336 155.077173
Expired_Tickets_count_iid 90 100 19.700000 0.622311 20.322311 19.077689
Expired_Tickets_max_iid 90 100 493.000000 8.199601 501.199601 484.800399
Expired_Tickets_min_iid 90 100 50.750000 0.713647 51.463647 50.036353
Expired_Tickets_sum_iid 90 100 3166.750000 151.598762 3318.348762 3015.151238
Paid_Tickets_avrg_iid 90 100 162.605967 2.001757 164.607725 160.604210
Paid_Tickets_count_iid 90 100 167.120000 0.841460 167.961460 166.278540
Paid_Tickets_max_iid 90 100 500.000000 0.000000 500.000000 500.000000
Paid_Tickets_min_iid 90 100 50.000000 0.000000 50.000000 50.000000
Paid_Tickets_sum_iid 90 100 27179.750000 372.164123 27551.914123 26807.585877
