#name, percent, n, avrg, half length, lower ci endpoint, upper ci endpoint

Credit_Collection_Tickets_avrg_iid 99 100 167.747378 11.554771 179.302149 156.192606
Credit_Collection_Tickets_count_iid 99 100 13.180000 0.933407 14.113407 12.246593
Credit_Collection_Tickets_max_iid 99 100 472.000000 25.222406 497.222406 446.777594
Credit_Collection_Tickets_min_iid 99 100 53.250000 2.422750 55.672750 50.827250
Credit_Collection_Tickets_sum_iid 99 100 2184.750000 197.558446 2382.308446 1987.191554
Expired_Tickets_avrg_iid 99 100 160.734754 8.980774 169.715528 151.753980
Expired_Tickets_count_iid 99 100 19.700000 0.987849 20.687849 18.712151
Expired_Tickets_max_iid 99 100 493.000000 13.015943 506.015943 479.984057
Expired_Tickets_min_iid 99 100 50.750000 1.132833 51.882833 49.617167
Expired_Tickets_sum_iid 99 100 3166.750000 240.645962 3407.395962 2926.104038
Paid_Tickets_avrg_iid 99 100 162.605967 3.177564 165.783532 159.428403
Paid_Tickets_count_iid 99 100 167.120000 1.335722 168.455722 165.784278
Paid_Tickets_max_iid 99 100 500.000000 0.000000 500.000000 500.000000
Paid_Tickets_min_iid 99 100 50.000000 0.000000 50.000000 50.000000
Paid_Tickets_sum_iid 99 100 27179.750000 590.768635 27770.518635 26588.981365
