#name, percent, n, avrg, half length, lower ci endpoint, upper ci endpoint

Credit_Collection_Tickets_avrg_iid 90 100 159.936561 7.933999 167.870560 152.002562
Credit_Collection_Tickets_count_iid 90 100 12.290000 0.525612 12.815612 11.764388
Credit_Collection_Tickets_max_iid 90 100 443.500000 21.678449 465.178449 421.821551
Credit_Collection_Tickets_min_iid 90 100 55.000000 2.049473 57.049473 52.950527
Credit_Collection_Tickets_sum_iid 90 100 1973.750000 129.016984 2102.766984 1844.733016
Expired_Tickets_avrg_iid 90 100 162.655336 4.271550 166.926886 158.383786
Expired_Tickets_count_iid 90 100 37.240000 0.799424 38.039424 36.440576
Expired_Tickets_max_iid 90 100 500.000000 0.000000 500.000000 500.000000
Expired_Tickets_min_iid 90 100 50.250000 0.416250 50.666250 49.833750
Expired_Tickets_sum_iid 90 100 6061.500000 207.860298 6269.360298 5853.639702
Paid_Tickets_avrg_iid 90 100 163.707699 1.959625 165.667324 161.748074
Paid_Tickets_count_iid 90 100 150.470000 0.928528 151.398528 149.541472
Paid_Tickets_max_iid 90 100 500.000000 0.000000 500.000000 500.000000
Paid_Tickets_min_iid 90 100 50.000000 0.000000 50.000000 50.000000
Paid_Tickets_sum_iid 90 100 24620.000000 301.876707 24921.876707 24318.123293
