#name, percent, n, avrg, half length, lower ci endpoint, upper ci endpoint

Credit_Collection_Tickets_avrg_iid 99 100 159.936561 12.594330 172.530891 147.342232
Credit_Collection_Tickets_count_iid 99 100 12.290000 0.834349 13.124349 11.455651
Credit_Collection_Tickets_max_iid 99 100 443.500000 34.412096 477.912096 409.087904
Credit_Collection_Tickets_min_iid 99 100 55.000000 3.253308 58.253308 51.746692
Credit_Collection_Tickets_sum_iid 99 100 1973.750000 204.799934 2178.549934 1768.950066
Expired_Tickets_avrg_iid 99 100 162.655336 6.780604 169.435940 155.874731
Expired_Tickets_count_iid 99 100 37.240000 1.268996 38.508996 35.971004
Expired_Tickets_max_iid 99 100 500.000000 0.000000 500.000000 500.000000
Expired_Tickets_min_iid 99 100 50.250000 0.660750 50.910750 49.589250
Expired_Tickets_sum_iid 99 100 6061.500000 329.954816 6391.454816 5731.545184
Paid_Tickets_avrg_iid 99 100 163.707699 3.110684 166.818383 160.597015
Paid_Tickets_count_iid 99 100 150.470000 1.473934 151.943934 148.996066
Paid_Tickets_max_iid 99 100 500.000000 0.000000 500.000000 500.000000
Paid_Tickets_min_iid 99 100 50.000000 0.000000 50.000000 50.000000
Paid_Tickets_sum_iid 99 100 24620.000000 479.195277 25099.195277 24140.804723
