#name, percent, n, avrg, half length, lower ci endpoint, upper ci endpoint

Credit_Collection_Tickets_avrg_iid 95 100 159.936561 9.492208 169.428769 150.444354
Credit_Collection_Tickets_count_iid 95 100 12.290000 0.628840 12.918840 11.661160
Credit_Collection_Tickets_max_iid 95 100 443.500000 25.936018 469.436018 417.563982
Credit_Collection_Tickets_min_iid 95 100 55.000000 2.451983 57.451983 52.548017
Credit_Collection_Tickets_sum_iid 95 100 1973.750000 154.355455 2128.105455 1819.394545
Expired_Tickets_avrg_iid 95 100 162.655336 5.110467 167.765803 157.544869
Expired_Tickets_count_iid 95 100 37.240000 0.956428 38.196428 36.283572
Expired_Tickets_max_iid 95 100 500.000000 0.000000 500.000000 500.000000
Expired_Tickets_min_iid 95 100 50.250000 0.498000 50.748000 49.752000
Expired_Tickets_sum_iid 95 100 6061.500000 248.683312 6310.183312 5812.816688
Paid_Tickets_avrg_iid 95 100 163.707699 2.344488 166.052187 161.363211
Paid_Tickets_count_iid 95 100 150.470000 1.110888 151.580888 149.359112
Paid_Tickets_max_iid 95 100 500.000000 0.000000 500.000000 500.000000
Paid_Tickets_min_iid 95 100 50.000000 0.000000 50.000000 50.000000
Paid_Tickets_sum_iid 95 100 24620.000000 361.164205 24981.164205 24258.835795
