#name, percent, n, avrg, half length, lower ci endpoint, upper ci endpoint

Credit_Collection_Tickets_avrg_iid 95 30 161.722019 14.950800 176.672819 146.771219
Credit_Collection_Tickets_count_iid 95 30 13.933333 1.336987 15.270321 12.596346
Credit_Collection_Tickets_max_iid 95 30 465.000000 39.873431 504.873431 425.126569
Credit_Collection_Tickets_min_iid 95 30 52.500000 2.848102 55.348102 49.651898
Credit_Collection_Tickets_sum_iid 95 30 2235.833333 258.275440 2494.108773 1977.557893
Expired_Tickets_avrg_iid 95 30 157.903483 11.079202 168.982684 146.824281
Expired_Tickets_count_iid 95 30 19.400000 1.409334 20.809334 17.990666
Expired_Tickets_max_iid 95 30 488.333333 23.858333 512.191667 464.475000
Expired_Tickets_min_iid 95 30 51.666667 2.368138 54.034805 49.298528
Expired_Tickets_sum_iid 95 30 3057.500000 280.560694 3338.060694 2776.939306
Paid_Tickets_avrg_iid 95 30 163.471787 4.204662 167.676449 159.267126
Paid_Tickets_count_iid 95 30 166.666667 1.971598 168.638265 164.695068
Paid_Tickets_max_iid 95 30 500.000000 0.000000 500.000000 500.000000
Paid_Tickets_min_iid 95 30 50.000000 0.000000 50.000000 50.000000
Paid_Tickets_sum_iid 95 30 27227.500000 668.916089 27896.416089 26558.583911
