#name, percent, n, avrg, half length, lower ci endpoint, upper ci endpoint

Credit_Collection_Tickets_avrg_iid 95 30 181.307583 19.804948 201.112531 161.502634
Credit_Collection_Tickets_count_iid 95 30 13.733333 1.347730 15.081064 12.385603
Credit_Collection_Tickets_max_iid 95 30 463.333333 41.867952 505.201286 421.465381
Credit_Collection_Tickets_min_iid 95 30 58.333333 5.102697 63.436030 53.230637
Credit_Collection_Tickets_sum_iid 95 30 2483.333333 352.992231 2836.325564 2130.341103
Expired_Tickets_avrg_iid 95 30 163.669141 19.085208 182.754349 144.583933
Expired_Tickets_count_iid 95 30 10.866667 1.103809 11.970476 9.762857
Expired_Tickets_max_iid 95 30 441.666667 49.533169 491.199835 392.133498
Expired_Tickets_min_iid 95 30 50.833333 1.704167 52.537500 49.129167
Expired_Tickets_sum_iid 95 30 1735.000000 218.445296 1953.445296 1516.554704
Paid_Tickets_avrg_iid 95 30 163.506922 4.216729 167.723651 159.290193
Paid_Tickets_count_iid 95 30 175.400000 1.750135 177.150135 173.649865
Paid_Tickets_max_iid 95 30 500.000000 0.000000 500.000000 500.000000
Paid_Tickets_min_iid 95 30 50.000000 0.000000 50.000000 50.000000
Paid_Tickets_sum_iid 95 30 28688.333333 830.533664 29518.866998 27857.799669
