#name, percent, n, avrg, half length, lower ci endpoint, upper ci endpoint

Credit_Collection_Tickets_avrg_iid 99 30 181.307583 26.690679 207.998261 154.616904
Credit_Collection_Tickets_count_iid 99 30 13.733333 1.816305 15.549639 11.917028
Credit_Collection_Tickets_max_iid 99 30 463.333333 56.424487 519.757821 406.908846
Credit_Collection_Tickets_min_iid 99 30 58.333333 6.876788 65.210121 51.456545
Credit_Collection_Tickets_sum_iid 99 30 2483.333333 475.719603 2959.052936 2007.613730
Expired_Tickets_avrg_iid 99 30 163.669141 25.720701 189.389842 137.948440
Expired_Tickets_count_iid 99 30 10.866667 1.487579 12.354246 9.379088
Expired_Tickets_max_iid 99 30 441.666667 66.754725 508.421392 374.911942
Expired_Tickets_min_iid 99 30 50.833333 2.296667 53.130000 48.536667
Expired_Tickets_sum_iid 99 30 1735.000000 294.393758 2029.393758 1440.606242
Paid_Tickets_avrg_iid 99 30 163.506922 5.682790 169.189712 157.824132
Paid_Tickets_count_iid 99 30 175.400000 2.358617 177.758617 173.041383
Paid_Tickets_max_iid 99 30 500.000000 0.000000 500.000000 500.000000
Paid_Tickets_min_iid 99 30 50.000000 0.000000 50.000000 50.000000
Paid_Tickets_sum_iid 99 30 28688.333333 1119.291335 29807.624668 27569.041999
