#name, percent, n, avrg, half length, lower ci endpoint, upper ci endpoint

Credit_Collection_Tickets_avrg_iid 90 100 173.285991 7.730182 181.016173 165.555808
Credit_Collection_Tickets_count_iid 90 100 14.540000 0.655584 15.195584 13.884416
Credit_Collection_Tickets_max_iid 90 100 475.500000 14.943598 490.443598 460.556402
Credit_Collection_Tickets_min_iid 90 100 54.250000 2.054165 56.304165 52.195835
Credit_Collection_Tickets_sum_iid 90 100 2492.500000 143.427140 2635.927140 2349.072860
Expired_Tickets_avrg_iid 90 100 173.492659 17.536852 191.029511 155.955807
Expired_Tickets_count_iid 90 100 3.470000 0.324011 3.794011 3.145989
Expired_Tickets_max_iid 90 100 310.250000 32.706575 342.956575 277.543425
Expired_Tickets_min_iid 90 100 91.500000 14.686542 106.186542 76.813458
Expired_Tickets_sum_iid 90 100 600.250000 69.851408 670.101408 530.398592
Paid_Tickets_avrg_iid 90 100 163.033255 1.701761 164.735016 161.331494
Paid_Tickets_count_iid 90 100 181.990000 0.625451 182.615451 181.364549
Paid_Tickets_max_iid 90 100 500.000000 0.000000 500.000000 500.000000
Paid_Tickets_min_iid 90 100 50.000000 0.000000 50.000000 50.000000
Paid_Tickets_sum_iid 90 100 29671.000000 328.955749 29999.955749 29342.044251
