#name, percent, n, avrg, half length, lower ci endpoint, upper ci endpoint

Credit_Collection_Tickets_avrg_iid 99 100 173.285991 12.270794 185.556785 161.015197
Credit_Collection_Tickets_count_iid 99 100 14.540000 1.040665 15.580665 13.499335
Credit_Collection_Tickets_max_iid 99 100 475.500000 23.721279 499.221279 451.778721
Credit_Collection_Tickets_min_iid 99 100 54.250000 3.260755 57.510755 50.989245
Credit_Collection_Tickets_sum_iid 99 100 2492.500000 227.674434 2720.174434 2264.825566
Expired_Tickets_avrg_iid 99 100 173.492659 27.837777 201.330436 145.654881
Expired_Tickets_count_iid 99 100 3.470000 0.514331 3.984331 2.955669
Expired_Tickets_max_iid 99 100 310.250000 51.918005 362.168005 258.331995
Expired_Tickets_min_iid 99 100 91.500000 23.313231 114.813231 68.186769
Expired_Tickets_sum_iid 99 100 600.250000 110.881245 711.131245 489.368755
Paid_Tickets_avrg_iid 99 100 163.033255 2.701354 165.734609 160.331900
Paid_Tickets_count_iid 99 100 181.990000 0.992833 182.982833 180.997167
Paid_Tickets_max_iid 99 100 500.000000 0.000000 500.000000 500.000000
Paid_Tickets_min_iid 99 100 50.000000 0.000000 50.000000 50.000000
Paid_Tickets_sum_iid 99 100 29671.000000 522.180207 30193.180207 29148.819793
