#name, percent, n, avrg, half length, lower ci endpoint, upper ci endpoint

Credit_Collection_Tickets_avrg_iid 95 100 173.285991 9.248362 182.534353 164.037628
Credit_Collection_Tickets_count_iid 95 100 14.540000 0.784338 15.324338 13.755662
Credit_Collection_Tickets_max_iid 95 100 475.500000 17.878467 493.378467 457.621533
Credit_Collection_Tickets_min_iid 95 100 54.250000 2.457595 56.707595 51.792405
Credit_Collection_Tickets_sum_iid 95 100 2492.500000 171.595714 2664.095714 2320.904286
Expired_Tickets_avrg_iid 95 100 173.492659 20.981026 194.473685 152.511632
Expired_Tickets_count_iid 95 100 3.470000 0.387646 3.857646 3.082354
Expired_Tickets_max_iid 95 100 310.250000 39.130029 349.380029 271.119971
Expired_Tickets_min_iid 95 100 91.500000 17.570926 109.070926 73.929074
Expired_Tickets_sum_iid 95 100 600.250000 83.569973 683.819973 516.680027
Paid_Tickets_avrg_iid 95 100 163.033255 2.035981 165.069236 160.997274
Paid_Tickets_count_iid 95 100 181.990000 0.748287 182.738287 181.241713
Paid_Tickets_max_iid 95 100 500.000000 0.000000 500.000000 500.000000
Paid_Tickets_min_iid 95 100 50.000000 0.000000 50.000000 50.000000
Paid_Tickets_sum_iid 95 100 29671.000000 393.561473 30064.561473 29277.438527
