#name, percent, n, avrg, half length, lower ci endpoint, upper ci endpoint

Credit_Collection_Tickets_avrg_iid 95 30 170.341270 13.930709 184.271979 156.410561
Credit_Collection_Tickets_count_iid 95 30 14.033333 1.342549 15.375882 12.690785
Credit_Collection_Tickets_max_iid 95 30 465.000000 39.873431 504.873431 425.126569
Credit_Collection_Tickets_min_iid 95 30 52.500000 2.848102 55.348102 49.651898
Credit_Collection_Tickets_sum_iid 95 30 2365.000000 267.699167 2632.699167 2097.300833
Expired_Tickets_avrg_iid 95 30 160.339286 27.587727 187.927013 132.751558
Expired_Tickets_count_iid 95 30 4.966667 0.762547 5.729214 4.204120
Expired_Tickets_max_iid 95 30 315.000000 70.560420 385.560420 244.439580
Expired_Tickets_min_iid 95 30 66.666667 7.879686 74.546353 58.786981
Expired_Tickets_sum_iid 95 30 790.000000 166.894364 956.894364 623.105636
Paid_Tickets_avrg_iid 95 30 161.559541 4.869821 166.429362 156.689720
Paid_Tickets_count_iid 95 30 181.000000 1.737455 182.737455 179.262545
Paid_Tickets_max_iid 95 30 500.000000 0.000000 500.000000 500.000000
Paid_Tickets_min_iid 95 30 50.000000 0.000000 50.000000 50.000000
Paid_Tickets_sum_iid 95 30 29249.166667 954.705208 30203.871875 28294.461459
