#name, percent, n, avrg, half length, lower ci endpoint, upper ci endpoint

Credit_Collection_Tickets_avrg_iid 90 30 173.670925 14.531888 188.202813 159.139036
Credit_Collection_Tickets_count_iid 90 30 15.200000 0.947890 16.147890 14.252110
Credit_Collection_Tickets_max_iid 90 30 476.666667 27.544518 504.211185 449.122148
Credit_Collection_Tickets_min_iid 90 30 50.833333 1.415833 52.249167 49.417500
Credit_Collection_Tickets_sum_iid 90 30 2662.500000 267.015315 2929.515315 2395.484685
Expired_Tickets_avrg_iid 90 30 161.253968 22.671217 183.925185 138.582751
Expired_Tickets_count_iid 90 30 4.600000 0.579461 5.179461 4.020539
Expired_Tickets_max_iid 90 30 327.500000 58.471546 385.971546 269.028454
Expired_Tickets_min_iid 90 30 69.166667 7.803709 76.970376 61.362957
Expired_Tickets_sum_iid 90 30 729.166667 125.573956 854.740622 603.592711
Paid_Tickets_avrg_iid 90 30 164.865919 3.444439 168.310357 161.421480
Paid_Tickets_count_iid 90 30 180.200000 1.170317 181.370317 179.029683
Paid_Tickets_max_iid 90 30 500.000000 0.000000 500.000000 500.000000
Paid_Tickets_min_iid 90 30 50.000000 0.000000 50.000000 50.000000
Paid_Tickets_sum_iid 90 30 29710.833333 657.508141 30368.341474 29053.325192
