#name, percent, n, avrg, half length, lower ci endpoint, upper ci endpoint

Credit_Collection_Tickets_avrg_iid 90 100 164.302524 7.554164 171.856688 156.748360
Credit_Collection_Tickets_count_iid 90 100 13.370000 0.538433 13.908433 12.831567
Credit_Collection_Tickets_max_iid 90 100 460.500000 18.831935 479.331935 441.668065
Credit_Collection_Tickets_min_iid 90 100 52.000000 1.134947 53.134947 50.865053
Credit_Collection_Tickets_sum_iid 90 100 2224.750000 147.253975 2372.003975 2077.496025
Expired_Tickets_avrg_iid 90 100 153.884790 5.731245 159.616035 148.153544
Expired_Tickets_count_iid 90 100 16.680000 0.582031 17.262031 16.097969
Expired_Tickets_max_iid 90 100 482.500000 12.764726 495.264726 469.735274
Expired_Tickets_min_iid 90 100 51.500000 0.993519 52.493519 50.506481
Expired_Tickets_sum_iid 90 100 2575.500000 138.116586 2713.616586 2437.383414
Paid_Tickets_avrg_iid 90 100 161.295891 1.863138 163.159029 159.432753
Paid_Tickets_count_iid 90 100 169.950000 0.778575 170.728575 169.171425
Paid_Tickets_max_iid 90 100 500.000000 0.000000 500.000000 500.000000
Paid_Tickets_min_iid 90 100 50.000000 0.000000 50.000000 50.000000
Paid_Tickets_sum_iid 90 100 27408.000000 331.056496 27739.056496 27076.943504
