#name, percent, n, avrg, half length, lower ci endpoint, upper ci endpoint

Credit_Collection_Tickets_avrg_iid 99 100 164.302524 11.991384 176.293908 152.311140
Credit_Collection_Tickets_count_iid 99 100 13.370000 0.854702 14.224702 12.515298
Credit_Collection_Tickets_max_iid 99 100 460.500000 29.893576 490.393576 430.606424
Credit_Collection_Tickets_min_iid 99 100 52.000000 1.801600 53.801600 50.198400
Credit_Collection_Tickets_sum_iid 99 100 2224.750000 233.749103 2458.499103 1991.000897
Expired_Tickets_avrg_iid 99 100 153.884790 9.097707 162.982496 144.787083
Expired_Tickets_count_iid 99 100 16.680000 0.923909 17.603909 15.756091
Expired_Tickets_max_iid 99 100 482.500000 20.262565 502.762565 462.237435
Expired_Tickets_min_iid 99 100 51.500000 1.577100 53.077100 49.922900
Expired_Tickets_sum_iid 99 100 2575.500000 219.244526 2794.744526 2356.255474
Paid_Tickets_avrg_iid 99 100 161.295891 2.957522 164.253413 158.338369
Paid_Tickets_count_iid 99 100 169.950000 1.235900 171.185900 168.714100
Paid_Tickets_max_iid 99 100 500.000000 0.000000 500.000000 500.000000
Paid_Tickets_min_iid 99 100 50.000000 0.000000 50.000000 50.000000
Paid_Tickets_sum_iid 99 100 27408.000000 525.514906 27933.514906 26882.485094
