#name, percent, n, avrg, half length, lower ci endpoint, upper ci endpoint

Credit_Collection_Tickets_avrg_iid 95 100 164.302524 9.037774 173.340298 155.264750
Credit_Collection_Tickets_count_iid 95 100 13.370000 0.644180 14.014180 12.725820
Credit_Collection_Tickets_max_iid 95 100 460.500000 22.530459 483.030459 437.969541
Credit_Collection_Tickets_min_iid 95 100 52.000000 1.357846 53.357846 50.642154
Credit_Collection_Tickets_sum_iid 95 100 2224.750000 176.174125 2400.924125 2048.575875
Expired_Tickets_avrg_iid 95 100 153.884790 6.856841 160.741631 147.027948
Expired_Tickets_count_iid 95 100 16.680000 0.696340 17.376340 15.983660
Expired_Tickets_max_iid 95 100 482.500000 15.271672 497.771672 467.228328
Expired_Tickets_min_iid 95 100 51.500000 1.188643 52.688643 50.311357
Expired_Tickets_sum_iid 95 100 2575.500000 165.242186 2740.742186 2410.257814
Paid_Tickets_avrg_iid 95 100 161.295891 2.229052 163.524943 159.066840
Paid_Tickets_count_iid 95 100 169.950000 0.931484 170.881484 169.018516
Paid_Tickets_max_iid 95 100 500.000000 0.000000 500.000000 500.000000
Paid_Tickets_min_iid 95 100 50.000000 0.000000 50.000000 50.000000
Paid_Tickets_sum_iid 95 100 27408.000000 396.074798 27804.074798 27011.925202
