#name, percent, n, avrg, half length, lower ci endpoint, upper ci endpoint

Credit_Collection_Tickets_avrg_iid 95 100 165.014421 7.707805 172.722225 157.306616
Credit_Collection_Tickets_count_iid 95 100 14.180000 0.707475 14.887475 13.472525
Credit_Collection_Tickets_max_iid 95 100 475.500000 17.878467 493.378467 457.621533
Credit_Collection_Tickets_min_iid 95 100 54.500000 2.387800 56.887800 52.112200
Credit_Collection_Tickets_sum_iid 95 100 2349.750000 166.177216 2515.927216 2183.572784
Expired_Tickets_avrg_iid 95 100 163.643588 10.509203 174.152791 153.134386
Expired_Tickets_count_iid 95 100 8.930000 0.604770 9.534770 8.325230
Expired_Tickets_max_iid 95 100 420.250000 30.144555 450.394555 390.105445
Expired_Tickets_min_iid 95 100 58.500000 2.937266 61.437266 55.562734
Expired_Tickets_sum_iid 95 100 1490.500000 147.111764 1637.611764 1343.388236
Paid_Tickets_avrg_iid 95 100 162.334982 2.297254 164.632236 160.037728
Paid_Tickets_count_iid 95 100 176.890000 0.918712 177.808712 175.971288
Paid_Tickets_max_iid 95 100 500.000000 0.000000 500.000000 500.000000
Paid_Tickets_min_iid 95 100 50.000000 0.000000 50.000000 50.000000
Paid_Tickets_sum_iid 95 100 28718.750000 438.829735 29157.579735 28279.920265
