#name, percent, n, avrg, half length, lower ci endpoint, upper ci endpoint

Credit_Collection_Tickets_avrg_iid 90 100 165.014421 6.442517 171.456938 158.571903
Credit_Collection_Tickets_count_iid 90 100 14.180000 0.591338 14.771338 13.588662
Credit_Collection_Tickets_max_iid 90 100 475.500000 14.943598 490.443598 460.556402
Credit_Collection_Tickets_min_iid 90 100 54.500000 1.995826 56.495826 52.504174
Credit_Collection_Tickets_sum_iid 90 100 2349.750000 138.898125 2488.648125 2210.851875
Expired_Tickets_avrg_iid 90 100 163.643588 8.784047 172.427636 154.859541
Expired_Tickets_count_iid 90 100 8.930000 0.505493 9.435493 8.424507
Expired_Tickets_max_iid 90 100 420.250000 25.196126 445.446126 395.053874
Expired_Tickets_min_iid 90 100 58.500000 2.455095 60.955095 56.044905
Expired_Tickets_sum_iid 90 100 1490.500000 122.962393 1613.462393 1367.537607
Paid_Tickets_avrg_iid 90 100 162.334982 1.920144 164.255126 160.414838
Paid_Tickets_count_iid 90 100 176.890000 0.767899 177.657899 176.122101
Paid_Tickets_max_iid 90 100 500.000000 0.000000 500.000000 500.000000
Paid_Tickets_min_iid 90 100 50.000000 0.000000 50.000000 50.000000
Paid_Tickets_sum_iid 90 100 28718.750000 366.792926 29085.542926 28351.957074
