#name, percent, n, avrg, half length, lower ci endpoint, upper ci endpoint

Credit_Collection_Tickets_avrg_iid 99 100 165.014421 10.226771 175.241192 154.787650
Credit_Collection_Tickets_count_iid 99 100 14.180000 0.938683 15.118683 13.241317
Credit_Collection_Tickets_max_iid 99 100 475.500000 23.721279 499.221279 451.778721
Credit_Collection_Tickets_min_iid 99 100 54.500000 3.168150 57.668150 51.331850
Credit_Collection_Tickets_sum_iid 99 100 2349.750000 220.485132 2570.235132 2129.264868
Expired_Tickets_avrg_iid 99 100 163.643588 13.943686 177.587275 149.699902
Expired_Tickets_count_iid 99 100 8.930000 0.802414 9.732414 8.127586
Expired_Tickets_max_iid 99 100 420.250000 39.996013 460.246013 380.253987
Expired_Tickets_min_iid 99 100 58.500000 3.897186 62.397186 54.602814
Expired_Tickets_sum_iid 99 100 1490.500000 195.188952 1685.688952 1295.311048
Paid_Tickets_avrg_iid 99 100 162.334982 3.048013 165.382995 159.286969
Paid_Tickets_count_iid 99 100 176.890000 1.218953 178.108953 175.671047
Paid_Tickets_max_iid 99 100 500.000000 0.000000 500.000000 500.000000
Paid_Tickets_min_iid 99 100 50.000000 0.000000 50.000000 50.000000
Paid_Tickets_sum_iid 99 100 28718.750000 582.242465 29300.992465 28136.507535
