#name, percent, n, avrg, half length, lower ci endpoint, upper ci endpoint

Credit_Collection_Tickets_avrg_iid 90 100 176.240296 8.379908 184.620204 167.860388
Credit_Collection_Tickets_count_iid 90 100 12.150000 0.567658 12.717658 11.582342
Credit_Collection_Tickets_max_iid 90 100 472.000000 15.889257 487.889257 456.110743
Credit_Collection_Tickets_min_iid 90 100 56.250000 2.163707 58.413707 54.086293
Credit_Collection_Tickets_sum_iid 90 100 2117.500000 134.965379 2252.465379 1982.534621
Expired_Tickets_avrg_iid 90 100 162.046760 4.846438 166.893197 157.200322
Expired_Tickets_count_iid 90 100 29.110000 0.772625 29.882625 28.337375
Expired_Tickets_max_iid 90 100 500.000000 0.000000 500.000000 500.000000
Expired_Tickets_min_iid 90 100 50.750000 0.713647 51.463647 50.036353
Expired_Tickets_sum_iid 90 100 4703.000000 172.668665 4875.668665 4530.331335
Paid_Tickets_avrg_iid 90 100 160.900009 2.063282 162.963292 158.836727
Paid_Tickets_count_iid 90 100 158.740000 0.919791 159.659791 157.820209
Paid_Tickets_max_iid 90 100 500.000000 0.000000 500.000000 500.000000
Paid_Tickets_min_iid 90 100 50.000000 0.000000 50.000000 50.000000
Paid_Tickets_sum_iid 90 100 25544.500000 367.614229 25912.114229 25176.885771
