#name, percent, n, avrg, half length, lower ci endpoint, upper ci endpoint

Credit_Collection_Tickets_avrg_iid 99 100 176.240296 13.302161 189.542457 162.938135
Credit_Collection_Tickets_count_iid 99 100 12.150000 0.901094 13.051094 11.248906
Credit_Collection_Tickets_max_iid 99 100 472.000000 25.222406 497.222406 446.777594
Credit_Collection_Tickets_min_iid 99 100 56.250000 3.434642 59.684642 52.815358
Credit_Collection_Tickets_sum_iid 99 100 2117.500000 214.242340 2331.742340 1903.257660
Expired_Tickets_avrg_iid 99 100 162.046760 7.693174 169.739933 154.353586
Expired_Tickets_count_iid 99 100 29.110000 1.226455 30.336455 27.883545
Expired_Tickets_max_iid 99 100 500.000000 0.000000 500.000000 500.000000
Expired_Tickets_min_iid 99 100 50.750000 1.132833 51.882833 49.617167
Expired_Tickets_sum_iid 99 100 4703.000000 274.092061 4977.092061 4428.907939
Paid_Tickets_avrg_iid 99 100 160.900009 3.275228 164.175238 157.624781
Paid_Tickets_count_iid 99 100 158.740000 1.460065 160.200065 157.279935
Paid_Tickets_max_iid 99 100 500.000000 0.000000 500.000000 500.000000
Paid_Tickets_min_iid 99 100 50.000000 0.000000 50.000000 50.000000
Paid_Tickets_sum_iid 99 100 25544.500000 583.546190 26128.046190 24960.953810
