#name, percent, n, avrg, half length, lower ci endpoint, upper ci endpoint

Credit_Collection_Tickets_avrg_iid 95 100 176.240296 10.025692 186.265988 166.214604
Credit_Collection_Tickets_count_iid 95 100 12.150000 0.679145 12.829145 11.470855
Credit_Collection_Tickets_max_iid 95 100 472.000000 19.009850 491.009850 452.990150
Credit_Collection_Tickets_min_iid 95 100 56.250000 2.588652 58.838652 53.661348
Credit_Collection_Tickets_sum_iid 95 100 2117.500000 161.472093 2278.972093 1956.027907
Expired_Tickets_avrg_iid 95 100 162.046760 5.798260 167.845020 156.248499
Expired_Tickets_count_iid 95 100 29.110000 0.924366 30.034366 28.185634
Expired_Tickets_max_iid 95 100 500.000000 0.000000 500.000000 500.000000
Expired_Tickets_min_iid 95 100 50.750000 0.853804 51.603804 49.896196
Expired_Tickets_sum_iid 95 100 4703.000000 206.580168 4909.580168 4496.419832
Paid_Tickets_avrg_iid 95 100 160.900009 2.468504 163.368513 158.431506
Paid_Tickets_count_iid 95 100 158.740000 1.100435 159.840435 157.639565
Paid_Tickets_max_iid 95 100 500.000000 0.000000 500.000000 500.000000
Paid_Tickets_min_iid 95 100 50.000000 0.000000 50.000000 50.000000
Paid_Tickets_sum_iid 95 100 25544.500000 439.812339 25984.312339 25104.687661
