#name, percent, n, avrg, half length, lower ci endpoint, upper ci endpoint

Credit_Collection_Tickets_avrg_iid 99 30 172.556336 18.613888 191.170224 153.942448
Credit_Collection_Tickets_count_iid 99 30 13.733333 2.059578 15.792911 11.673756
Credit_Collection_Tickets_max_iid 99 30 486.666667 36.746667 523.413333 449.920000
Credit_Collection_Tickets_min_iid 99 30 52.500000 3.838323 56.338323 48.661677
Credit_Collection_Tickets_sum_iid 99 30 2386.666667 471.241233 2857.907900 1915.425434
Expired_Tickets_avrg_iid 99 30 161.971345 20.823101 182.794446 141.148244
Expired_Tickets_count_iid 99 30 13.933333 1.471054 15.404387 12.462279
Expired_Tickets_max_iid 99 30 453.333333 60.889677 514.223011 392.443656
Expired_Tickets_min_iid 99 30 54.166667 5.800759 59.967426 48.365908
Expired_Tickets_sum_iid 99 30 2283.333333 392.329419 2675.662752 1891.003914
Paid_Tickets_avrg_iid 99 30 158.569382 5.370553 163.939935 153.198830
Paid_Tickets_count_iid 99 30 172.333333 2.663642 174.996975 169.669692
Paid_Tickets_max_iid 99 30 500.000000 0.000000 500.000000 500.000000
Paid_Tickets_min_iid 99 30 50.000000 0.000000 50.000000 50.000000
Paid_Tickets_sum_iid 99 30 27345.833333 1139.813964 28485.647297 26206.019369
