#name, percent, n, avrg, half length, lower ci endpoint, upper ci endpoint

Credit_Collection_Tickets_avrg_iid 95 30 172.556336 13.811829 186.368165 158.744506
Credit_Collection_Tickets_count_iid 95 30 13.733333 1.528242 15.261576 12.205091
Credit_Collection_Tickets_max_iid 95 30 486.666667 27.266667 513.933333 459.400000
Credit_Collection_Tickets_min_iid 95 30 52.500000 2.848102 55.348102 49.651898
Credit_Collection_Tickets_sum_iid 95 30 2386.666667 349.669202 2736.335869 2036.997464
Expired_Tickets_avrg_iid 95 30 161.971345 15.451103 177.422448 146.520242
Expired_Tickets_count_iid 95 30 13.933333 1.091548 15.024881 12.841786
Expired_Tickets_max_iid 95 30 453.333333 45.181201 498.514534 408.152132
Expired_Tickets_min_iid 95 30 54.166667 4.304264 58.470931 49.862402
Expired_Tickets_sum_iid 95 30 2283.333333 291.115262 2574.448595 1992.218071
Paid_Tickets_avrg_iid 95 30 158.569382 3.985044 162.554426 154.584339
Paid_Tickets_count_iid 95 30 172.333333 1.976469 174.309802 170.356865
Paid_Tickets_max_iid 95 30 500.000000 0.000000 500.000000 500.000000
Paid_Tickets_min_iid 95 30 50.000000 0.000000 50.000000 50.000000
Paid_Tickets_sum_iid 95 30 27345.833333 845.761813 28191.595146 26500.071520
