#name, percent, n, avrg, half length, lower ci endpoint, upper ci endpoint

Credit_Collection_Tickets_avrg_iid 99 100 170.848547 14.055170 184.903716 156.793377
Credit_Collection_Tickets_count_iid 99 100 11.640000 0.774916 12.414916 10.865084
Credit_Collection_Tickets_max_iid 99 100 464.500000 28.317800 492.817800 436.182200
Credit_Collection_Tickets_min_iid 99 100 54.500000 2.876312 57.376312 51.623688
Credit_Collection_Tickets_sum_iid 99 100 1974.250000 186.123287 2160.373287 1788.126713
Expired_Tickets_avrg_iid 99 100 158.843533 6.517405 165.360939 152.326128
Expired_Tickets_count_iid 99 100 41.130000 1.413427 42.543427 39.716573
Expired_Tickets_max_iid 99 100 500.000000 0.000000 500.000000 500.000000
Expired_Tickets_min_iid 99 100 50.250000 0.660750 50.910750 49.589250
Expired_Tickets_sum_iid 99 100 6525.000000 336.972685 6861.972685 6188.027315
Paid_Tickets_avrg_iid 99 100 158.963303 2.943552 161.906854 156.019751
Paid_Tickets_count_iid 99 100 147.230000 1.486993 148.716993 145.743007
Paid_Tickets_max_iid 99 100 500.000000 0.000000 500.000000 500.000000
Paid_Tickets_min_iid 99 100 50.000000 0.000000 50.000000 50.000000
Paid_Tickets_sum_iid 99 100 23409.500000 509.217879 23918.717879 22900.282121
