#name, percent, n, avrg, half length, lower ci endpoint, upper ci endpoint

Credit_Collection_Tickets_avrg_iid 95 100 170.848547 10.593227 181.441773 160.255320
Credit_Collection_Tickets_count_iid 95 100 11.640000 0.584046 12.224046 11.055954
Credit_Collection_Tickets_max_iid 95 100 464.500000 21.342814 485.842814 443.157186
Credit_Collection_Tickets_min_iid 95 100 54.500000 2.167845 56.667845 52.332155
Credit_Collection_Tickets_sum_iid 95 100 1974.250000 140.279072 2114.529072 1833.970928
Expired_Tickets_avrg_iid 95 100 158.843533 4.912096 163.755630 153.931437
Expired_Tickets_count_iid 95 100 41.130000 1.065284 42.195284 40.064716
Expired_Tickets_max_iid 95 100 500.000000 0.000000 500.000000 500.000000
Expired_Tickets_min_iid 95 100 50.250000 0.498000 50.748000 49.752000
Expired_Tickets_sum_iid 95 100 6525.000000 253.972602 6778.972602 6271.027398
Paid_Tickets_avrg_iid 95 100 158.963303 2.218523 161.181825 156.744780
Paid_Tickets_count_iid 95 100 147.230000 1.120730 148.350730 146.109270
Paid_Tickets_max_iid 95 100 500.000000 0.000000 500.000000 500.000000
Paid_Tickets_min_iid 95 100 50.000000 0.000000 50.000000 50.000000
Paid_Tickets_sum_iid 95 100 23409.500000 383.791909 23793.291909 23025.708091
