#name, percent, n, avrg, half length, lower ci endpoint, upper ci endpoint

Credit_Collection_Tickets_avrg_iid 90 100 170.848547 8.854278 179.702825 161.994268
Credit_Collection_Tickets_count_iid 90 100 11.640000 0.488171 12.128171 11.151829
Credit_Collection_Tickets_max_iid 90 100 464.500000 17.839250 482.339250 446.660750
Credit_Collection_Tickets_min_iid 90 100 54.500000 1.811979 56.311979 52.688021
Credit_Collection_Tickets_sum_iid 90 100 1974.250000 117.251333 2091.501333 1856.998667
Expired_Tickets_avrg_iid 90 100 158.843533 4.105743 162.949277 154.737790
Expired_Tickets_count_iid 90 100 41.130000 0.890411 42.020411 40.239589
Expired_Tickets_max_iid 90 100 500.000000 0.000000 500.000000 500.000000
Expired_Tickets_min_iid 90 100 50.250000 0.416250 50.666250 49.833750
Expired_Tickets_sum_iid 90 100 6525.000000 212.281317 6737.281317 6312.718683
Paid_Tickets_avrg_iid 90 100 158.963303 1.854337 160.817640 157.108965
Paid_Tickets_count_iid 90 100 147.230000 0.936755 148.166755 146.293245
Paid_Tickets_max_iid 90 100 500.000000 0.000000 500.000000 500.000000
Paid_Tickets_min_iid 90 100 50.000000 0.000000 50.000000 50.000000
Paid_Tickets_sum_iid 90 100 23409.500000 320.789924 23730.289924 23088.710076
