#name, percent, n, avrg, half length, lower ci endpoint, upper ci endpoint

Credit_Collection_Tickets_avrg_iid 90 30 172.544882 13.991423 186.536305 158.553459
Credit_Collection_Tickets_count_iid 90 30 12.933333 1.261810 14.195144 11.671523
Credit_Collection_Tickets_max_iid 90 30 453.333333 37.536851 490.870185 415.796482
Credit_Collection_Tickets_min_iid 90 30 53.333333 2.681204 56.014537 50.652130
Credit_Collection_Tickets_sum_iid 90 30 2244.166667 284.178036 2528.344702 1959.988631
Expired_Tickets_avrg_iid 90 30 156.824708 6.745882 163.570590 150.078826
Expired_Tickets_count_iid 90 30 38.233333 1.551360 39.784693 36.681973
Expired_Tickets_max_iid 90 30 500.000000 0.000000 500.000000 500.000000
Expired_Tickets_min_iid 90 30 50.000000 0.000000 50.000000 50.000000
Expired_Tickets_sum_iid 90 30 5984.166667 333.121969 6317.288636 5651.044697
Paid_Tickets_avrg_iid 90 30 159.623365 5.249038 164.872403 154.374328
Paid_Tickets_count_iid 90 30 148.833333 1.647611 150.480944 147.185722
Paid_Tickets_max_iid 90 30 500.000000 0.000000 500.000000 500.000000
Paid_Tickets_min_iid 90 30 50.000000 0.000000 50.000000 50.000000
Paid_Tickets_sum_iid 90 30 23758.333333 829.539854 24587.873188 22928.793479
