#name, percent, n, avrg, half length, lower ci endpoint, upper ci endpoint

Credit_Collection_Tickets_avrg_iid 95 30 172.544882 16.840765 189.385647 155.704117
Credit_Collection_Tickets_count_iid 95 30 12.933333 1.518777 14.452110 11.414556
Credit_Collection_Tickets_max_iid 95 30 453.333333 45.181201 498.514534 408.152132
Credit_Collection_Tickets_min_iid 95 30 53.333333 3.227229 56.560562 50.106105
Credit_Collection_Tickets_sum_iid 95 30 2244.166667 342.050667 2586.217334 1902.116000
Expired_Tickets_avrg_iid 95 30 156.824708 8.119676 164.944384 148.705032
Expired_Tickets_count_iid 95 30 38.233333 1.867293 40.100626 36.366040
Expired_Tickets_max_iid 95 30 500.000000 0.000000 500.000000 500.000000
Expired_Tickets_min_iid 95 30 50.000000 0.000000 50.000000 50.000000
Expired_Tickets_sum_iid 95 30 5984.166667 400.961994 6385.128660 5583.204673
Paid_Tickets_avrg_iid 95 30 159.623365 6.318000 165.941365 153.305365
Paid_Tickets_count_iid 95 30 148.833333 1.983145 150.816479 146.850188
Paid_Tickets_max_iid 95 30 500.000000 0.000000 500.000000 500.000000
Paid_Tickets_min_iid 95 30 50.000000 0.000000 50.000000 50.000000
Paid_Tickets_sum_iid 95 30 23758.333333 998.474987 24756.808320 22759.858347
