#name, percent, n, avrg, half length, lower ci endpoint, upper ci endpoint

Credit_Collection_Tickets_avrg_iid 95 30 157.336367 14.140780 171.477147 143.195587
Credit_Collection_Tickets_count_iid 95 30 15.600000 1.111909 16.711909 14.488091
Credit_Collection_Tickets_max_iid 95 30 476.666667 33.153938 509.820604 443.512729
Credit_Collection_Tickets_min_iid 95 30 51.666667 2.368138 54.034805 49.298528
Credit_Collection_Tickets_sum_iid 95 30 2449.166667 263.432874 2712.599541 2185.733792
Expired_Tickets_avrg_iid 95 30 164.498120 23.472080 187.970200 141.026040
Expired_Tickets_count_iid 95 30 8.100000 1.241604 9.341604 6.858396
Expired_Tickets_max_iid 95 30 402.500000 61.640685 464.140685 340.859315
Expired_Tickets_min_iid 95 30 62.500000 6.824008 69.324008 55.675992
Expired_Tickets_sum_iid 95 30 1347.500000 299.277695 1646.777695 1048.222305
Paid_Tickets_avrg_iid 95 30 159.264421 4.976287 164.240708 154.288134
Paid_Tickets_count_iid 95 30 176.300000 1.605601 177.905601 174.694399
Paid_Tickets_max_iid 95 30 500.000000 0.000000 500.000000 500.000000
Paid_Tickets_min_iid 95 30 50.000000 0.000000 50.000000 50.000000
Paid_Tickets_sum_iid 95 30 28072.500000 879.127726 28951.627726 27193.372274
