#name, percent, n, avrg, half length, lower ci endpoint, upper ci endpoint

Credit_Collection_Tickets_avrg_iid 99 30 157.336367 19.057208 176.393575 138.279159
Credit_Collection_Tickets_count_iid 99 30 15.600000 1.498494 17.098494 14.101506
Credit_Collection_Tickets_max_iid 99 30 476.666667 44.680808 521.347475 431.985859
Credit_Collection_Tickets_min_iid 99 30 51.666667 3.191486 54.858153 48.475180
Credit_Collection_Tickets_sum_iid 99 30 2449.166667 355.022495 2804.189162 2094.144172
Expired_Tickets_avrg_iid 99 30 164.498120 31.632789 196.130909 132.865331
Expired_Tickets_count_iid 99 30 8.100000 1.673282 9.773282 6.426718
Expired_Tickets_max_iid 99 30 402.500000 83.071749 485.571749 319.428251
Expired_Tickets_min_iid 99 30 62.500000 9.196561 71.696561 53.303439
Expired_Tickets_sum_iid 99 30 1347.500000 403.329744 1750.829744 944.170256
Paid_Tickets_avrg_iid 99 30 159.264421 6.706428 165.970849 152.557993
Paid_Tickets_count_iid 99 30 176.300000 2.163832 178.463832 174.136168
Paid_Tickets_max_iid 99 30 500.000000 0.000000 500.000000 500.000000
Paid_Tickets_min_iid 99 30 50.000000 0.000000 50.000000 50.000000
Paid_Tickets_sum_iid 99 30 28072.500000 1184.780447 29257.280447 26887.719553
