#name, percent, n, avrg, half length, lower ci endpoint, upper ci endpoint

Credit_Collection_Tickets_avrg_iid 90 30 157.336367 11.748257 169.084624 145.588110
Credit_Collection_Tickets_count_iid 90 30 15.600000 0.923781 16.523781 14.676219
Credit_Collection_Tickets_max_iid 90 30 476.666667 27.544518 504.211185 449.122148
Credit_Collection_Tickets_min_iid 90 30 51.666667 1.967466 53.634132 49.699201
Credit_Collection_Tickets_sum_iid 90 30 2449.166667 218.861836 2668.028502 2230.304831
Expired_Tickets_avrg_iid 90 30 164.498120 19.500765 183.998885 144.997355
Expired_Tickets_count_iid 90 30 8.100000 1.031533 9.131533 7.068467
Expired_Tickets_max_iid 90 30 402.500000 51.211503 453.711503 351.288497
Expired_Tickets_min_iid 90 30 62.500000 5.669433 68.169433 56.830567
Expired_Tickets_sum_iid 90 30 1347.500000 248.641957 1596.141957 1098.858043
Paid_Tickets_avrg_iid 90 30 159.264421 4.134333 163.398754 155.130088
Paid_Tickets_count_iid 90 30 176.300000 1.333944 177.633944 174.966056
Paid_Tickets_max_iid 90 30 500.000000 0.000000 500.000000 500.000000
Paid_Tickets_min_iid 90 30 50.000000 0.000000 50.000000 50.000000
Paid_Tickets_sum_iid 90 30 28072.500000 730.385334 28802.885334 27342.114666
