#name, percent, n, avrg, half length, lower ci endpoint, upper ci endpoint

Credit_Collection_Tickets_avrg_iid 95 100 168.916360 8.712640 177.629000 160.203720
Credit_Collection_Tickets_count_iid 95 100 13.890000 0.638078 14.528078 13.251922
Credit_Collection_Tickets_max_iid 95 100 465.000000 21.021371 486.021371 443.978629
Credit_Collection_Tickets_min_iid 95 100 53.000000 1.773808 54.773808 51.226192
Credit_Collection_Tickets_sum_iid 95 100 2345.500000 162.272003 2507.772003 2183.227997
Expired_Tickets_avrg_iid 95 100 155.293957 7.954727 163.248684 147.339231
Expired_Tickets_count_iid 95 100 12.550000 0.627615 13.177615 11.922385
Expired_Tickets_max_iid 95 100 443.500000 25.936018 469.436018 417.563982
Expired_Tickets_min_iid 95 100 52.500000 1.501526 54.001526 50.998474
Expired_Tickets_sum_iid 95 100 1964.750000 149.437044 2114.187044 1815.312956
Paid_Tickets_avrg_iid 95 100 162.388450 2.726103 165.114553 159.662347
Paid_Tickets_count_iid 95 100 173.560000 0.926283 174.486283 172.633717
Paid_Tickets_max_iid 95 100 500.000000 0.000000 500.000000 500.000000
Paid_Tickets_min_iid 95 100 50.000000 0.000000 50.000000 50.000000
Paid_Tickets_sum_iid 95 100 28184.500000 495.458130 28679.958130 27689.041870
