#name, percent, n, avrg, half length, lower ci endpoint, upper ci endpoint

Credit_Collection_Tickets_avrg_iid 99 100 168.916360 11.559994 180.476354 157.356366
Credit_Collection_Tickets_count_iid 99 100 13.890000 0.846606 14.736606 13.043394
Credit_Collection_Tickets_max_iid 99 100 465.000000 27.891307 492.891307 437.108693
Credit_Collection_Tickets_min_iid 99 100 53.000000 2.353501 55.353501 50.646499
Credit_Collection_Tickets_sum_iid 99 100 2345.500000 215.303667 2560.803667 2130.196333
Expired_Tickets_avrg_iid 99 100 155.293957 10.554389 165.848347 144.739568
Expired_Tickets_count_iid 99 100 12.550000 0.832724 13.382724 11.717276
Expired_Tickets_max_iid 99 100 443.500000 34.412096 477.912096 409.087904
Expired_Tickets_min_iid 99 100 52.500000 1.992236 54.492236 50.507764
Expired_Tickets_sum_iid 99 100 1964.750000 198.274150 2163.024150 1766.475850
Paid_Tickets_avrg_iid 99 100 162.388450 3.617013 166.005463 158.771437
Paid_Tickets_count_iid 99 100 173.560000 1.228999 174.788999 172.331001
Paid_Tickets_max_iid 99 100 500.000000 0.000000 500.000000 500.000000
Paid_Tickets_min_iid 99 100 50.000000 0.000000 50.000000 50.000000
Paid_Tickets_sum_iid 99 100 28184.500000 657.377428 28841.877428 27527.122572
