#name, percent, n, avrg, half length, lower ci endpoint, upper ci endpoint

Credit_Collection_Tickets_avrg_iid 90 100 168.916360 7.282403 176.198762 161.633957
Credit_Collection_Tickets_count_iid 90 100 13.890000 0.533333 14.423333 13.356667
Credit_Collection_Tickets_max_iid 90 100 465.000000 17.570574 482.570574 447.429426
Credit_Collection_Tickets_min_iid 90 100 53.000000 1.482626 54.482626 51.517374
Credit_Collection_Tickets_sum_iid 90 100 2345.500000 135.633978 2481.133978 2209.866022
Expired_Tickets_avrg_iid 90 100 155.293957 6.648906 161.942863 148.645052
Expired_Tickets_count_iid 90 100 12.550000 0.524588 13.074588 12.025412
Expired_Tickets_max_iid 90 100 443.500000 21.678449 465.178449 421.821551
Expired_Tickets_min_iid 90 100 52.500000 1.255041 53.755041 51.244959
Expired_Tickets_sum_iid 90 100 1964.750000 124.905963 2089.655963 1839.844037
Paid_Tickets_avrg_iid 90 100 162.388450 2.278595 164.667045 160.109855
Paid_Tickets_count_iid 90 100 173.560000 0.774227 174.334227 172.785773
Paid_Tickets_max_iid 90 100 500.000000 0.000000 500.000000 500.000000
Paid_Tickets_min_iid 90 100 50.000000 0.000000 50.000000 50.000000
Paid_Tickets_sum_iid 90 100 28184.500000 414.125394 28598.625394 27770.374606
