#name, percent, n, avrg, half length, lower ci endpoint, upper ci endpoint

Credit_Collection_Tickets_avrg_iid 99 30 170.341270 18.774099 189.115369 151.567170
Credit_Collection_Tickets_count_iid 99 30 14.033333 1.809322 15.842656 12.224011
Credit_Collection_Tickets_max_iid 99 30 465.000000 53.736517 518.736517 411.263483
Credit_Collection_Tickets_min_iid 99 30 52.500000 3.838323 56.338323 48.661677
Credit_Collection_Tickets_sum_iid 99 30 2365.000000 360.772080 2725.772080 2004.227920
Expired_Tickets_avrg_iid 99 30 160.339286 37.179353 197.518638 123.159933
Expired_Tickets_count_iid 99 30 4.966667 1.027667 5.994334 3.939000
Expired_Tickets_max_iid 99 30 315.000000 95.092674 410.092674 219.907326
Expired_Tickets_min_iid 99 30 66.666667 10.619274 77.285940 56.047393
Expired_Tickets_sum_iid 99 30 790.000000 224.919739 1014.919739 565.080261
Paid_Tickets_avrg_iid 99 30 161.559541 6.562947 168.122488 154.996594
Paid_Tickets_count_iid 99 30 181.000000 2.341528 183.341528 178.658472
Paid_Tickets_max_iid 99 30 500.000000 0.000000 500.000000 500.000000
Paid_Tickets_min_iid 99 30 50.000000 0.000000 50.000000 50.000000
Paid_Tickets_sum_iid 99 30 29249.166667 1286.634500 30535.801167 27962.532167
