#name, percent, n, avrg, half length, lower ci endpoint, upper ci endpoint

Credit_Collection_Tickets_avrg_iid 90 30 170.341270 11.573728 181.914998 158.767542
Credit_Collection_Tickets_count_iid 90 30 14.033333 1.115399 15.148732 12.917935
Credit_Collection_Tickets_max_iid 90 30 465.000000 33.127120 498.127120 431.872880
Credit_Collection_Tickets_min_iid 90 30 52.500000 2.366223 54.866223 50.133777
Credit_Collection_Tickets_sum_iid 90 30 2365.000000 222.406300 2587.406300 2142.593700
Expired_Tickets_avrg_iid 90 30 160.339286 22.920073 183.259358 137.419213
Expired_Tickets_count_iid 90 30 4.966667 0.633529 5.600196 4.333138
Expired_Tickets_max_iid 90 30 315.000000 58.622080 373.622080 256.377920
Expired_Tickets_min_iid 90 30 66.666667 6.546497 73.213164 60.120170
Expired_Tickets_sum_iid 90 30 790.000000 138.656980 928.656980 651.343020
Paid_Tickets_avrg_iid 90 30 161.559541 4.045881 165.605422 157.513660
Paid_Tickets_count_iid 90 30 181.000000 1.443489 182.443489 179.556511
Paid_Tickets_max_iid 90 30 500.000000 0.000000 500.000000 500.000000
Paid_Tickets_min_iid 90 30 50.000000 0.000000 50.000000 50.000000
Paid_Tickets_sum_iid 90 30 29249.166667 793.175623 30042.342289 28455.991044
