#name, percent, n, avrg, half length, lower ci endpoint, upper ci endpoint

Credit_Collection_Tickets_avrg_iid 95 100 166.069509 8.942557 175.012065 157.126952
Credit_Collection_Tickets_count_iid 95 100 13.840000 0.769011 14.609011 13.070989
Credit_Collection_Tickets_max_iid 95 100 454.500000 23.565197 478.065197 430.934803
Credit_Collection_Tickets_min_iid 95 100 53.500000 2.004536 55.504536 51.495464
Credit_Collection_Tickets_sum_iid 95 100 2309.750000 183.057498 2492.807498 2126.692502
Expired_Tickets_avrg_iid 95 100 162.841631 8.989943 171.831574 153.851688
Expired_Tickets_count_iid 95 100 11.020000 0.563408 11.583408 10.456592
Expired_Tickets_max_iid 95 100 451.000000 24.313810 475.313810 426.686190
Expired_Tickets_min_iid 95 100 54.250000 2.008906 56.258906 52.241094
Expired_Tickets_sum_iid 95 100 1807.500000 143.135900 1950.635900 1664.364100
Paid_Tickets_avrg_iid 95 100 161.609674 2.480096 164.089770 159.129578
Paid_Tickets_count_iid 95 100 175.140000 0.886348 176.026348 174.253652
Paid_Tickets_max_iid 95 100 500.000000 0.000000 500.000000 500.000000
Paid_Tickets_min_iid 95 100 50.000000 0.000000 50.000000 50.000000
Paid_Tickets_sum_iid 95 100 28302.000000 452.496347 28754.496347 27849.503653
