#name, percent, n, avrg, half length, lower ci endpoint, upper ci endpoint

Credit_Collection_Tickets_avrg_iid 99 100 166.069509 11.865049 177.934557 154.204460
Credit_Collection_Tickets_count_iid 99 100 13.840000 1.020329 14.860329 12.819671
Credit_Collection_Tickets_max_iid 99 100 454.500000 31.266474 485.766474 423.233526
Credit_Collection_Tickets_min_iid 99 100 53.500000 2.659633 56.159633 50.840367
Credit_Collection_Tickets_sum_iid 99 100 2309.750000 242.882011 2552.632011 2066.867989
Expired_Tickets_avrg_iid 99 100 162.841631 11.927921 174.769552 150.913710
Expired_Tickets_count_iid 99 100 11.020000 0.747534 11.767534 10.272466
Expired_Tickets_max_iid 99 100 451.000000 32.259739 483.259739 418.740261
Expired_Tickets_min_iid 99 100 54.250000 2.665430 56.915430 51.584570
Expired_Tickets_sum_iid 99 100 1807.500000 189.913747 1997.413747 1617.586253
Paid_Tickets_avrg_iid 99 100 161.609674 3.290609 164.900284 158.319065
Paid_Tickets_count_iid 99 100 175.140000 1.176013 176.316013 173.963987
Paid_Tickets_max_iid 99 100 500.000000 0.000000 500.000000 500.000000
Paid_Tickets_min_iid 99 100 50.000000 0.000000 50.000000 50.000000
Paid_Tickets_sum_iid 99 100 28302.000000 600.375424 28902.375424 27701.624576
