#name, percent, n, avrg, half length, lower ci endpoint, upper ci endpoint

Credit_Collection_Tickets_avrg_iid 90 100 166.069509 7.474577 173.544085 158.594932
Credit_Collection_Tickets_count_iid 90 100 13.840000 0.642773 14.482773 13.197227
Credit_Collection_Tickets_max_iid 90 100 454.500000 19.696814 474.196814 434.803186
Credit_Collection_Tickets_min_iid 90 100 53.500000 1.675478 55.175478 51.824522
Credit_Collection_Tickets_sum_iid 90 100 2309.750000 153.007396 2462.757396 2156.742604
Expired_Tickets_avrg_iid 90 100 162.841631 7.514184 170.355815 155.327447
Expired_Tickets_count_iid 90 100 11.020000 0.470921 11.490921 10.549079
Expired_Tickets_max_iid 90 100 451.000000 20.322537 471.322537 430.677463
Expired_Tickets_min_iid 90 100 54.250000 1.679130 55.929130 52.570870
Expired_Tickets_sum_iid 90 100 1807.500000 119.639194 1927.139194 1687.860806
Paid_Tickets_avrg_iid 90 100 161.609674 2.072972 163.682646 159.536702
Paid_Tickets_count_iid 90 100 175.140000 0.740848 175.880848 174.399152
Paid_Tickets_max_iid 90 100 500.000000 0.000000 500.000000 500.000000
Paid_Tickets_min_iid 90 100 50.000000 0.000000 50.000000 50.000000
Paid_Tickets_sum_iid 90 100 28302.000000 378.216073 28680.216073 27923.783927
