#name, percent, n, avrg, half length, lower ci endpoint, upper ci endpoint

Credit_Collection_Tickets_avrg_iid 90 30 175.369837 14.207979 189.577817 161.161858
Credit_Collection_Tickets_count_iid 90 30 13.300000 1.021189 14.321189 12.278811
Credit_Collection_Tickets_max_iid 90 30 488.333333 19.821667 508.155000 468.511667
Credit_Collection_Tickets_min_iid 90 30 53.333333 2.681204 56.014537 50.652130
Credit_Collection_Tickets_sum_iid 90 30 2325.000000 253.233754 2578.233754 2071.766246
Expired_Tickets_avrg_iid 90 30 166.968811 10.025793 176.994604 156.943018
Expired_Tickets_count_iid 90 30 23.166667 1.633454 24.800120 21.533213
Expired_Tickets_max_iid 90 30 500.000000 0.000000 500.000000 500.000000
Expired_Tickets_min_iid 90 30 50.000000 0.000000 50.000000 50.000000
Expired_Tickets_sum_iid 90 30 3871.666667 353.673490 4225.340156 3517.993177
Paid_Tickets_avrg_iid 90 30 163.949719 4.159104 168.108824 159.790615
Paid_Tickets_count_iid 90 30 163.533333 1.824674 165.358007 161.708660
Paid_Tickets_max_iid 90 30 500.000000 0.000000 500.000000 500.000000
Paid_Tickets_min_iid 90 30 50.000000 0.000000 50.000000 50.000000
Paid_Tickets_sum_iid 90 30 26805.000000 725.002397 27530.002397 26079.997603
