#name, percent, n, avrg, half length, lower ci endpoint, upper ci endpoint

Credit_Collection_Tickets_avrg_iid 99 30 175.369837 23.047199 198.417037 152.322638
Credit_Collection_Tickets_count_iid 99 30 13.300000 1.656501 14.956501 11.643499
Credit_Collection_Tickets_max_iid 99 30 488.333333 32.153333 520.486667 456.180000
Credit_Collection_Tickets_min_iid 99 30 53.333333 4.349263 57.682596 48.984071
Credit_Collection_Tickets_sum_iid 99 30 2325.000000 410.778238 2735.778238 1914.221762
Expired_Tickets_avrg_iid 99 30 166.968811 16.263146 183.231957 150.705665
Expired_Tickets_count_iid 99 30 23.166667 2.649675 25.816342 20.516992
Expired_Tickets_max_iid 99 30 500.000000 0.000000 500.000000 500.000000
Expired_Tickets_min_iid 99 30 50.000000 0.000000 50.000000 50.000000
Expired_Tickets_sum_iid 99 30 3871.666667 573.704613 4445.371280 3297.962054
Paid_Tickets_avrg_iid 99 30 163.949719 6.746611 170.696330 157.203108
Paid_Tickets_count_iid 99 30 163.533333 2.959859 166.493193 160.573474
Paid_Tickets_max_iid 99 30 500.000000 0.000000 500.000000 500.000000
Paid_Tickets_min_iid 99 30 50.000000 0.000000 50.000000 50.000000
Paid_Tickets_sum_iid 99 30 26805.000000 1176.048620 27981.048620 25628.951380
