#name, percent, n, avrg, half length, lower ci endpoint, upper ci endpoint

Credit_Collection_Tickets_avrg_iid 99 100 173.077868 12.009402 185.087270 161.068466
Credit_Collection_Tickets_count_iid 99 100 13.530000 0.881364 14.411364 12.648636
Credit_Collection_Tickets_max_iid 99 100 475.000000 24.236600 499.236600 450.763400
Credit_Collection_Tickets_min_iid 99 100 54.250000 2.826043 57.076043 51.423957
Credit_Collection_Tickets_sum_iid 99 100 2344.250000 224.515298 2568.765298 2119.734702
Expired_Tickets_avrg_iid 99 100 164.936447 9.776366 174.712813 155.160081
Expired_Tickets_count_iid 99 100 15.420000 1.025475 16.445475 14.394525
Expired_Tickets_max_iid 99 100 479.000000 22.079395 501.079395 456.920605
Expired_Tickets_min_iid 99 100 52.750000 2.638825 55.388825 50.111175
Expired_Tickets_sum_iid 99 100 2528.000000 220.806489 2748.806489 2307.193511
Paid_Tickets_avrg_iid 99 100 161.316556 3.428573 164.745129 157.887983
Paid_Tickets_count_iid 99 100 171.050000 1.319830 172.369830 169.730170
Paid_Tickets_max_iid 99 100 500.000000 0.000000 500.000000 500.000000
Paid_Tickets_min_iid 99 100 50.000000 0.000000 50.000000 50.000000
Paid_Tickets_sum_iid 99 100 27600.750000 652.366328 28253.116328 26948.383672
