#name, percent, n, avrg, half length, lower ci endpoint, upper ci endpoint

Credit_Collection_Tickets_avrg_iid 95 100 173.077868 9.051354 182.129222 164.026514
Credit_Collection_Tickets_count_iid 95 100 13.530000 0.664275 14.194275 12.865725
Credit_Collection_Tickets_max_iid 95 100 475.000000 18.266858 493.266858 456.733142
Credit_Collection_Tickets_min_iid 95 100 54.250000 2.129958 56.379958 52.120042
Credit_Collection_Tickets_sum_iid 95 100 2344.250000 169.214708 2513.464708 2175.035292
Expired_Tickets_avrg_iid 95 100 164.936447 7.368340 172.304787 157.568107
Expired_Tickets_count_iid 95 100 15.420000 0.772889 16.192889 14.647111
Expired_Tickets_max_iid 95 100 479.000000 16.640997 495.640997 462.359003
Expired_Tickets_min_iid 95 100 52.750000 1.988854 54.738854 50.761146
Expired_Tickets_sum_iid 95 100 2528.000000 166.419420 2694.419420 2361.580580
Paid_Tickets_avrg_iid 95 100 161.316556 2.584078 163.900634 158.732478
Paid_Tickets_count_iid 95 100 171.050000 0.994742 172.044742 170.055258
Paid_Tickets_max_iid 95 100 500.000000 0.000000 500.000000 500.000000
Paid_Tickets_min_iid 95 100 50.000000 0.000000 50.000000 50.000000
Paid_Tickets_sum_iid 95 100 27600.750000 491.681319 28092.431319 27109.068681
