#name, percent, n, avrg, half length, lower ci endpoint, upper ci endpoint

Credit_Collection_Tickets_avrg_iid 90 100 173.077868 7.565514 180.643383 165.512354
Credit_Collection_Tickets_count_iid 90 100 13.530000 0.555230 14.085230 12.974770
Credit_Collection_Tickets_max_iid 90 100 475.000000 15.268232 490.268232 459.731768
Credit_Collection_Tickets_min_iid 90 100 54.250000 1.780311 56.030311 52.469689
Credit_Collection_Tickets_sum_iid 90 100 2344.250000 141.436993 2485.686993 2202.813007
Expired_Tickets_avrg_iid 90 100 164.936447 6.158778 171.095225 158.777669
Expired_Tickets_count_iid 90 100 15.420000 0.646014 16.066014 14.773986
Expired_Tickets_max_iid 90 100 479.000000 13.909267 492.909267 465.090733
Expired_Tickets_min_iid 90 100 52.750000 1.662370 54.412370 51.087630
Expired_Tickets_sum_iid 90 100 2528.000000 139.100569 2667.100569 2388.899431
Paid_Tickets_avrg_iid 90 100 161.316556 2.159884 163.476440 159.156672
Paid_Tickets_count_iid 90 100 171.050000 0.831448 171.881448 170.218552
Paid_Tickets_max_iid 90 100 500.000000 0.000000 500.000000 500.000000
Paid_Tickets_min_iid 90 100 50.000000 0.000000 50.000000 50.000000
Paid_Tickets_sum_iid 90 100 27600.750000 410.968572 28011.718572 27189.781428
