#name, percent, n, avrg, half length, lower ci endpoint, upper ci endpoint

Credit_Collection_Tickets_avrg_iid 99 100 165.820074 12.824170 178.644245 152.995904
Credit_Collection_Tickets_count_iid 99 100 13.450000 0.905780 14.355780 12.544220
Credit_Collection_Tickets_max_iid 99 100 468.500000 26.606611 495.106611 441.893389
Credit_Collection_Tickets_min_iid 99 100 54.250000 2.978006 57.228006 51.271994
Credit_Collection_Tickets_sum_iid 99 100 2227.750000 229.269556 2457.019556 1998.480444
Expired_Tickets_avrg_iid 99 100 159.808260 9.123362 168.931623 150.684898
Expired_Tickets_count_iid 99 100 23.160000 1.013390 24.173390 22.146610
Expired_Tickets_max_iid 99 100 482.500000 20.262565 502.762565 462.237435
Expired_Tickets_min_iid 99 100 51.000000 1.301323 52.301323 49.698677
Expired_Tickets_sum_iid 99 100 3698.500000 256.069002 3954.569002 3442.430998
Paid_Tickets_avrg_iid 99 100 162.016655 3.362525 165.379180 158.654131
Paid_Tickets_count_iid 99 100 163.390000 1.190844 164.580844 162.199156
Paid_Tickets_max_iid 99 100 500.000000 0.000000 500.000000 500.000000
Paid_Tickets_min_iid 99 100 50.000000 0.000000 50.000000 50.000000
Paid_Tickets_sum_iid 99 100 26466.000000 562.518610 27028.518610 25903.481390
