#name, percent, n, avrg, half length, lower ci endpoint, upper ci endpoint

Credit_Collection_Tickets_avrg_iid 95 100 165.820074 9.665436 175.485510 156.154638
Credit_Collection_Tickets_count_iid 95 100 13.450000 0.682676 14.132676 12.767324
Credit_Collection_Tickets_max_iid 95 100 468.500000 20.053110 488.553110 448.446890
Credit_Collection_Tickets_min_iid 95 100 54.250000 2.244491 56.494491 52.005509
Credit_Collection_Tickets_sum_iid 95 100 2227.750000 172.797940 2400.547940 2054.952060
Expired_Tickets_avrg_iid 95 100 159.808260 6.876178 166.684438 152.932083
Expired_Tickets_count_iid 95 100 23.160000 0.763781 23.923781 22.396219
Expired_Tickets_max_iid 95 100 482.500000 15.271672 497.771672 467.228328
Expired_Tickets_min_iid 95 100 51.000000 0.980793 51.980793 50.019207
Expired_Tickets_sum_iid 95 100 3698.500000 192.996387 3891.496387 3505.503613
Paid_Tickets_avrg_iid 95 100 162.016655 2.534298 164.550953 159.482358
Paid_Tickets_count_iid 95 100 163.390000 0.897526 164.287526 162.492474
Paid_Tickets_max_iid 95 100 500.000000 0.000000 500.000000 500.000000
Paid_Tickets_min_iid 95 100 50.000000 0.000000 50.000000 50.000000
Paid_Tickets_sum_iid 95 100 26466.000000 423.964083 26889.964083 26042.035917
