#name, percent, n, avrg, half length, lower ci endpoint, upper ci endpoint

Credit_Collection_Tickets_avrg_iid 90 100 165.820074 8.078791 173.898865 157.741284
Credit_Collection_Tickets_count_iid 90 100 13.450000 0.570611 14.020611 12.879389
Credit_Collection_Tickets_max_iid 90 100 468.500000 16.761259 485.261259 451.738741
Credit_Collection_Tickets_min_iid 90 100 54.250000 1.876043 56.126043 52.373957
Credit_Collection_Tickets_sum_iid 90 100 2227.750000 144.432013 2372.182013 2083.317987
Expired_Tickets_avrg_iid 90 100 159.808260 5.747408 165.555668 154.060853
Expired_Tickets_count_iid 90 100 23.160000 0.638401 23.798401 22.521599
Expired_Tickets_max_iid 90 100 482.500000 12.764726 495.264726 469.735274
Expired_Tickets_min_iid 90 100 51.000000 0.819789 51.819789 50.180211
Expired_Tickets_sum_iid 90 100 3698.500000 161.314751 3859.814751 3537.185249
Paid_Tickets_avrg_iid 90 100 162.016655 2.118276 164.134932 159.898379
Paid_Tickets_count_iid 90 100 163.390000 0.750191 164.140191 162.639809
Paid_Tickets_max_iid 90 100 500.000000 0.000000 500.000000 500.000000
Paid_Tickets_min_iid 90 100 50.000000 0.000000 50.000000 50.000000
Paid_Tickets_sum_iid 90 100 26466.000000 354.367569 26820.367569 26111.632431
