#name, percent, n, avrg, half length, lower ci endpoint, upper ci endpoint

Credit_Collection_Tickets_avrg_iid 90 30 161.722019 12.421227 174.143246 149.300792
Credit_Collection_Tickets_count_iid 90 30 13.933333 1.110778 15.044112 12.822555
Credit_Collection_Tickets_max_iid 90 30 465.000000 33.127120 498.127120 431.872880
Credit_Collection_Tickets_min_iid 90 30 52.500000 2.366223 54.866223 50.133777
Credit_Collection_Tickets_sum_iid 90 30 2235.833333 214.577004 2450.410337 2021.256330
Expired_Tickets_avrg_iid 90 30 157.903483 9.204676 167.108159 148.698806
Expired_Tickets_count_iid 90 30 19.400000 1.170884 20.570884 18.229116
Expired_Tickets_max_iid 90 30 488.333333 19.821667 508.155000 468.511667
Expired_Tickets_min_iid 90 30 51.666667 1.967466 53.634132 49.699201
Expired_Tickets_sum_iid 90 30 3057.500000 233.091745 3290.591745 2824.408255
Paid_Tickets_avrg_iid 90 30 163.471787 3.493262 166.965049 159.978526
Paid_Tickets_count_iid 90 30 166.666667 1.638017 168.304684 165.028649
Paid_Tickets_max_iid 90 30 500.000000 0.000000 500.000000 500.000000
Paid_Tickets_min_iid 90 30 50.000000 0.000000 50.000000 50.000000
Paid_Tickets_sum_iid 90 30 27227.500000 555.740067 27783.240067 26671.759933
