#name, percent, n, avrg, half length, lower ci endpoint, upper ci endpoint

Credit_Collection_Tickets_avrg_iid 99 30 161.722019 20.148853 181.870872 141.573166
Credit_Collection_Tickets_count_iid 99 30 13.933333 1.801828 15.735161 12.131506
Credit_Collection_Tickets_max_iid 99 30 465.000000 53.736517 518.736517 411.263483
Credit_Collection_Tickets_min_iid 99 30 52.500000 3.838323 56.338323 48.661677
Credit_Collection_Tickets_sum_iid 99 30 2235.833333 348.071938 2583.905271 1887.761396
Expired_Tickets_avrg_iid 99 30 157.903483 14.931188 172.834671 142.972295
Expired_Tickets_count_iid 99 30 19.400000 1.899327 21.299327 17.500673
Expired_Tickets_max_iid 99 30 488.333333 32.153333 520.486667 456.180000
Expired_Tickets_min_iid 99 30 51.666667 3.191486 54.858153 48.475180
Expired_Tickets_sum_iid 99 30 3057.500000 378.105267 3435.605267 2679.394733
Paid_Tickets_avrg_iid 99 30 163.471787 5.666527 169.138315 157.805260
Paid_Tickets_count_iid 99 30 166.666667 2.657078 169.323745 164.009588
Paid_Tickets_max_iid 99 30 500.000000 0.000000 500.000000 500.000000
Paid_Tickets_min_iid 99 30 50.000000 0.000000 50.000000 50.000000
Paid_Tickets_sum_iid 99 30 27227.500000 901.483004 28128.983004 26326.016996
