#name, percent, n, avrg, half length, lower ci endpoint, upper ci endpoint

Credit_Collection_Tickets_avrg_iid 90 30 178.243221 15.619193 193.862414 162.624028
Credit_Collection_Tickets_count_iid 90 30 12.966667 1.076033 14.042700 11.890633
Credit_Collection_Tickets_max_iid 90 30 453.333333 37.536851 490.870185 415.796482
Credit_Collection_Tickets_min_iid 90 30 56.666667 4.038956 60.705623 52.627711
Credit_Collection_Tickets_sum_iid 90 30 2330.000000 278.530179 2608.530179 2051.469821
Expired_Tickets_avrg_iid 90 30 166.587970 10.983052 177.571022 155.604918
Expired_Tickets_count_iid 90 30 26.000000 1.410943 27.410943 24.589057
Expired_Tickets_max_iid 90 30 488.333333 19.821667 508.155000 468.511667
Expired_Tickets_min_iid 90 30 54.166667 2.939464 57.106131 51.227203
Expired_Tickets_sum_iid 90 30 4328.333333 342.382221 4670.715555 3985.951112
Paid_Tickets_avrg_iid 90 30 164.653825 3.215180 167.869005 161.438644
Paid_Tickets_count_iid 90 30 161.033333 1.656448 162.689781 159.376886
Paid_Tickets_max_iid 90 30 500.000000 0.000000 500.000000 500.000000
Paid_Tickets_min_iid 90 30 50.000000 0.000000 50.000000 50.000000
Paid_Tickets_sum_iid 90 30 26527.500000 636.347770 27163.847770 25891.152230
