#name, percent, n, avrg, half length, lower ci endpoint, upper ci endpoint

Credit_Collection_Tickets_avrg_iid 95 30 178.243221 18.800030 197.043251 159.443191
Credit_Collection_Tickets_count_iid 95 30 12.966667 1.295167 14.261833 11.671500
Credit_Collection_Tickets_max_iid 95 30 453.333333 45.181201 498.514534 408.152132
Credit_Collection_Tickets_min_iid 95 30 56.666667 4.861486 61.528153 51.805180
Credit_Collection_Tickets_sum_iid 95 30 2330.000000 335.252629 2665.252629 1994.747371
Expired_Tickets_avrg_iid 95 30 166.587970 13.219742 179.807712 153.368229
Expired_Tickets_count_iid 95 30 26.000000 1.698280 27.698280 24.301720
Expired_Tickets_max_iid 95 30 488.333333 23.858333 512.191667 464.475000
Expired_Tickets_min_iid 95 30 54.166667 3.538083 57.704750 50.628583
Expired_Tickets_sum_iid 95 30 4328.333333 412.108089 4740.441422 3916.225245
Paid_Tickets_avrg_iid 95 30 164.653825 3.869949 168.523774 160.783875
Paid_Tickets_count_iid 95 30 161.033333 1.993782 163.027115 159.039551
Paid_Tickets_max_iid 95 30 500.000000 0.000000 500.000000 500.000000
Paid_Tickets_min_iid 95 30 50.000000 0.000000 50.000000 50.000000
Paid_Tickets_sum_iid 95 30 26527.500000 765.939488 27293.439488 25761.560512
