#name, percent, n, avrg, half length, lower ci endpoint, upper ci endpoint

Credit_Collection_Tickets_avrg_iid 99 30 167.173758 22.135108 189.308865 145.038650
Credit_Collection_Tickets_count_iid 99 30 14.566667 1.751459 16.318125 12.815208
Credit_Collection_Tickets_max_iid 99 30 476.666667 44.680808 521.347475 431.985859
Credit_Collection_Tickets_min_iid 99 30 53.333333 4.349263 57.682596 48.984071
Credit_Collection_Tickets_sum_iid 99 30 2424.166667 410.651804 2834.818471 2013.514862
Expired_Tickets_avrg_iid 99 30 176.949561 22.093710 199.043272 154.855851
Expired_Tickets_count_iid 99 30 12.466667 1.706262 14.172929 10.760404
Expired_Tickets_max_iid 99 30 465.000000 53.736517 518.736517 411.263483
Expired_Tickets_min_iid 99 30 52.500000 3.838323 56.338323 48.661677
Expired_Tickets_sum_iid 99 30 2179.166667 345.986984 2525.153651 1833.179682
Paid_Tickets_avrg_iid 99 30 162.227897 7.149797 169.377694 155.078101
Paid_Tickets_count_iid 99 30 172.966667 2.641094 175.607761 170.325572
Paid_Tickets_max_iid 99 30 500.000000 0.000000 500.000000 500.000000
Paid_Tickets_min_iid 99 30 50.000000 0.000000 50.000000 50.000000
Paid_Tickets_sum_iid 99 30 28069.166667 1366.519062 29435.685729 26702.647604
