#name, percent, n, avrg, half length, lower ci endpoint, upper ci endpoint

Credit_Collection_Tickets_avrg_iid 90 30 173.241364 13.078008 186.319372 160.163356
Credit_Collection_Tickets_count_iid 90 30 11.700000 0.896624 12.596624 10.803376
Credit_Collection_Tickets_max_iid 90 30 475.000000 29.582167 504.582167 445.417833
Credit_Collection_Tickets_min_iid 90 30 53.333333 2.681204 56.014537 50.652130
Credit_Collection_Tickets_sum_iid 90 30 2026.666667 199.837896 2226.504563 1826.828770
Expired_Tickets_avrg_iid 90 30 166.316327 5.860042 172.176369 160.456285
Expired_Tickets_count_iid 90 30 33.500000 1.461194 34.961194 32.038806
Expired_Tickets_max_iid 90 30 500.000000 0.000000 500.000000 500.000000
Expired_Tickets_min_iid 90 30 50.000000 0.000000 50.000000 50.000000
Expired_Tickets_sum_iid 90 30 5579.166667 316.625436 5895.792102 5262.541231
Paid_Tickets_avrg_iid 90 30 162.246950 3.971664 166.218614 158.275286
Paid_Tickets_count_iid 90 30 154.800000 1.588799 156.388799 153.211201
Paid_Tickets_max_iid 90 30 500.000000 0.000000 500.000000 500.000000
Paid_Tickets_min_iid 90 30 50.000000 0.000000 50.000000 50.000000
Paid_Tickets_sum_iid 90 30 25109.166667 641.114220 25750.280887 24468.052446
