#name, percent, n, avrg, half length, lower ci endpoint, upper ci endpoint

Credit_Collection_Tickets_avrg_iid 99 30 173.241364 21.214238 194.455602 152.027126
Credit_Collection_Tickets_count_iid 99 30 11.700000 1.454442 13.154442 10.245558
Credit_Collection_Tickets_max_iid 99 30 475.000000 47.986140 522.986140 427.013860
Credit_Collection_Tickets_min_iid 99 30 53.333333 4.349263 57.682596 48.984071
Credit_Collection_Tickets_sum_iid 99 30 2026.666667 324.163179 2350.829846 1702.503487
Expired_Tickets_avrg_iid 99 30 166.316327 9.505754 175.822080 156.810573
Expired_Tickets_count_iid 99 30 33.500000 2.370248 35.870248 31.129752
Expired_Tickets_max_iid 99 30 500.000000 0.000000 500.000000 500.000000
Expired_Tickets_min_iid 99 30 50.000000 0.000000 50.000000 50.000000
Expired_Tickets_sum_iid 99 30 5579.166667 513.607829 6092.774495 5065.558838
Paid_Tickets_avrg_iid 99 30 162.246950 6.442558 168.689508 155.804392
Paid_Tickets_count_iid 99 30 154.800000 2.577240 157.377240 152.222760
Paid_Tickets_max_iid 99 30 500.000000 0.000000 500.000000 500.000000
Paid_Tickets_min_iid 99 30 50.000000 0.000000 50.000000 50.000000
Paid_Tickets_sum_iid 99 30 25109.166667 1039.971037 26149.137703 24069.195630
