#name, percent, n, avrg, half length, lower ci endpoint, upper ci endpoint

Credit_Collection_Tickets_avrg_iid 90 30 162.435747 9.851473 172.287221 152.584274
Credit_Collection_Tickets_count_iid 90 30 14.266667 1.104788 15.371455 13.161879
Credit_Collection_Tickets_max_iid 90 30 476.666667 27.544518 504.211185 449.122148
Credit_Collection_Tickets_min_iid 90 30 53.333333 2.681204 56.014537 50.652130
Credit_Collection_Tickets_sum_iid 90 30 2333.333333 243.373415 2576.706749 2089.959918
Expired_Tickets_avrg_iid 90 30 165.088838 9.965404 175.054242 155.123434
Expired_Tickets_count_iid 90 30 18.233333 1.499152 19.732485 16.734181
Expired_Tickets_max_iid 90 30 476.666667 27.544518 504.211185 449.122148
Expired_Tickets_min_iid 90 30 50.833333 1.415833 52.249167 49.417500
Expired_Tickets_sum_iid 90 30 2993.333333 277.639304 3270.972637 2715.694030
Paid_Tickets_avrg_iid 90 30 161.056257 3.895923 164.952180 157.160334
Paid_Tickets_count_iid 90 30 167.500000 1.999942 169.499942 165.500058
Paid_Tickets_max_iid 90 30 500.000000 0.000000 500.000000 500.000000
Paid_Tickets_min_iid 90 30 50.000000 0.000000 50.000000 50.000000
Paid_Tickets_sum_iid 90 30 26967.500000 701.196618 27668.696618 26266.303382
