#name, percent, n, avrg, half length, lower ci endpoint, upper ci endpoint

Credit_Collection_Tickets_avrg_iid 99 30 162.435747 15.980377 178.416124 146.455370
Credit_Collection_Tickets_count_iid 99 30 14.266667 1.792111 16.058777 12.474556
Credit_Collection_Tickets_max_iid 99 30 476.666667 44.680808 521.347475 431.985859
Credit_Collection_Tickets_min_iid 99 30 53.333333 4.349263 57.682596 48.984071
Credit_Collection_Tickets_sum_iid 99 30 2333.333333 394.783480 2728.116814 1938.549853
Expired_Tickets_avrg_iid 99 30 165.088838 16.165187 181.254025 148.923651
Expired_Tickets_count_iid 99 30 18.233333 2.431820 20.665154 15.801513
Expired_Tickets_max_iid 99 30 476.666667 44.680808 521.347475 431.985859
Expired_Tickets_min_iid 99 30 50.833333 2.296667 53.130000 48.536667
Expired_Tickets_sum_iid 99 30 2993.333333 450.367228 3443.700562 2542.966105
Paid_Tickets_avrg_iid 99 30 161.056257 6.319696 167.375953 154.736561
Paid_Tickets_count_iid 99 30 167.500000 3.244167 170.744167 164.255833
Paid_Tickets_max_iid 99 30 500.000000 0.000000 500.000000 500.000000
Paid_Tickets_min_iid 99 30 50.000000 0.000000 50.000000 50.000000
Paid_Tickets_sum_iid 99 30 26967.500000 1137.432537 28104.932537 25830.067463
