#name, percent, n, avrg, half length, lower ci endpoint, upper ci endpoint

Credit_Collection_Tickets_avrg_iid 95 30 162.435747 11.857718 174.293465 150.578029
Credit_Collection_Tickets_count_iid 95 30 14.266667 1.329777 15.596444 12.936889
Credit_Collection_Tickets_max_iid 95 30 476.666667 33.153938 509.820604 443.512729
Credit_Collection_Tickets_min_iid 95 30 53.333333 3.227229 56.560562 50.106105
Credit_Collection_Tickets_sum_iid 95 30 2333.333333 292.936218 2626.269552 2040.397115
Expired_Tickets_avrg_iid 95 30 165.088838 11.994850 177.083689 153.093988
Expired_Tickets_count_iid 95 30 18.233333 1.804453 20.037786 16.428880
Expired_Tickets_max_iid 95 30 476.666667 33.153938 509.820604 443.512729
Expired_Tickets_min_iid 95 30 50.833333 1.704167 52.537500 49.129167
Expired_Tickets_sum_iid 95 30 2993.333333 334.180327 3327.513661 2659.153006
Paid_Tickets_avrg_iid 95 30 161.056257 4.689325 165.745582 156.366932
Paid_Tickets_count_iid 95 30 167.500000 2.407228 169.907228 165.092772
Paid_Tickets_max_iid 95 30 500.000000 0.000000 500.000000 500.000000
Paid_Tickets_min_iid 95 30 50.000000 0.000000 50.000000 50.000000
Paid_Tickets_sum_iid 95 30 26967.500000 843.994753 27811.494753 26123.505247
