#name, percent, n, avrg, half length, lower ci endpoint, upper ci endpoint

Credit_Collection_Tickets_avrg_iid 95 30 167.173758 16.424635 183.598393 150.749122
Credit_Collection_Tickets_count_iid 95 30 14.566667 1.299613 15.866279 13.267054
Credit_Collection_Tickets_max_iid 95 30 476.666667 33.153938 509.820604 443.512729
Credit_Collection_Tickets_min_iid 95 30 53.333333 3.227229 56.560562 50.106105
Credit_Collection_Tickets_sum_iid 95 30 2424.166667 304.710791 2728.877458 2119.455876
Expired_Tickets_avrg_iid 95 30 176.949561 16.393918 193.343479 160.555643
Expired_Tickets_count_iid 95 30 12.466667 1.266076 13.732743 11.200590
Expired_Tickets_max_iid 95 30 465.000000 39.873431 504.873431 425.126569
Expired_Tickets_min_iid 95 30 52.500000 2.848102 55.348102 49.651898
Expired_Tickets_sum_iid 95 30 2179.166667 256.728368 2435.895035 1922.438298
Paid_Tickets_avrg_iid 95 30 162.227897 5.305274 167.533171 156.922624
Paid_Tickets_count_iid 95 30 172.966667 1.959738 174.926405 171.006929
Paid_Tickets_max_iid 95 30 500.000000 0.000000 500.000000 500.000000
Paid_Tickets_min_iid 95 30 50.000000 0.000000 50.000000 50.000000
Paid_Tickets_sum_iid 95 30 28069.166667 1013.980944 29083.147611 27055.185722
