#name, percent, n, avrg, half length, lower ci endpoint, upper ci endpoint

Credit_Collection_Tickets_avrg_iid 90 30 167.173758 13.645699 180.819457 153.528058
Credit_Collection_Tickets_count_iid 90 30 14.566667 1.079727 15.646394 13.486939
Credit_Collection_Tickets_max_iid 90 30 476.666667 27.544518 504.211185 449.122148
Credit_Collection_Tickets_min_iid 90 30 53.333333 2.681204 56.014537 50.652130
Credit_Collection_Tickets_sum_iid 90 30 2424.166667 253.155811 2677.322478 2171.010856
Expired_Tickets_avrg_iid 90 30 176.949561 13.620179 190.569741 163.329382
Expired_Tickets_count_iid 90 30 12.466667 1.051865 13.518532 11.414802
Expired_Tickets_max_iid 90 30 465.000000 33.127120 498.127120 431.872880
Expired_Tickets_min_iid 90 30 52.500000 2.366223 54.866223 50.133777
Expired_Tickets_sum_iid 90 30 2179.166667 213.291686 2392.458353 1965.874981
Paid_Tickets_avrg_iid 90 30 162.227897 4.407658 166.635555 157.820240
Paid_Tickets_count_iid 90 30 172.966667 1.628164 174.594830 171.338503
Paid_Tickets_max_iid 90 30 500.000000 0.000000 500.000000 500.000000
Paid_Tickets_min_iid 90 30 50.000000 0.000000 50.000000 50.000000
Paid_Tickets_sum_iid 90 30 28069.166667 842.422310 28911.588977 27226.744356
