#name, percent, n, avrg, half length, lower ci endpoint, upper ci endpoint

Credit_Collection_Tickets_avrg_iid 95 100 173.452675 9.979573 183.432248 163.473102
Credit_Collection_Tickets_count_iid 95 100 14.390000 0.713969 15.103969 13.676031
Credit_Collection_Tickets_max_iid 95 100 474.500000 18.646624 493.146624 455.853376
Credit_Collection_Tickets_min_iid 95 100 52.250000 1.597713 53.847713 50.652287
Credit_Collection_Tickets_sum_iid 95 100 2503.000000 185.307648 2688.307648 2317.692352
Expired_Tickets_avrg_iid 95 100 153.432675 12.367639 165.800314 141.065036
Expired_Tickets_count_iid 95 100 5.690000 0.441080 6.131080 5.248920
Expired_Tickets_max_iid 95 100 341.250000 36.768668 378.018668 304.481332
Expired_Tickets_min_iid 95 100 62.500000 3.972666 66.472666 58.527334
Expired_Tickets_sum_iid 95 100 881.250000 100.280226 981.530226 780.969774
Paid_Tickets_avrg_iid 95 100 162.458732 2.196148 164.654879 160.262584
Paid_Tickets_count_iid 95 100 179.920000 0.808128 180.728128 179.111872
Paid_Tickets_max_iid 95 100 500.000000 0.000000 500.000000 500.000000
Paid_Tickets_min_iid 95 100 50.000000 0.000000 50.000000 50.000000
Paid_Tickets_sum_iid 95 100 29234.000000 426.698102 29660.698102 28807.301898
