#name, percent, n, avrg, half length, lower ci endpoint, upper ci endpoint

Credit_Collection_Tickets_avrg_iid 99 100 173.452675 13.240970 186.693645 160.211705
Credit_Collection_Tickets_count_iid 99 100 14.390000 0.947299 15.337299 13.442701
Credit_Collection_Tickets_max_iid 99 100 474.500000 24.740476 499.240476 449.759524
Credit_Collection_Tickets_min_iid 99 100 52.250000 2.119857 54.369857 50.130143
Credit_Collection_Tickets_sum_iid 99 100 2503.000000 245.867527 2748.867527 2257.132473
Expired_Tickets_avrg_iid 99 100 153.432675 16.409473 169.842148 137.023202
Expired_Tickets_count_iid 99 100 5.690000 0.585228 6.275228 5.104772
Expired_Tickets_max_iid 99 100 341.250000 48.784934 390.034934 292.465066
Expired_Tickets_min_iid 99 100 62.500000 5.270962 67.770962 57.229038
Expired_Tickets_sum_iid 99 100 881.250000 133.052529 1014.302529 748.197471
Paid_Tickets_avrg_iid 99 100 162.458732 2.913864 165.372596 159.544867
Paid_Tickets_count_iid 99 100 179.920000 1.072230 180.992230 178.847770
Paid_Tickets_max_iid 99 100 500.000000 0.000000 500.000000 500.000000
Paid_Tickets_min_iid 99 100 50.000000 0.000000 50.000000 50.000000
Paid_Tickets_sum_iid 99 100 29234.000000 566.146126 29800.146126 28667.853874
