#name, percent, n, avrg, half length, lower ci endpoint, upper ci endpoint

Credit_Collection_Tickets_avrg_iid 90 100 173.452675 8.341360 181.794035 165.111315
Credit_Collection_Tickets_count_iid 90 100 14.390000 0.596766 14.986766 13.793234
Credit_Collection_Tickets_max_iid 90 100 474.500000 15.585657 490.085657 458.914343
Credit_Collection_Tickets_min_iid 90 100 52.250000 1.335438 53.585438 50.914562
Credit_Collection_Tickets_sum_iid 90 100 2503.000000 154.888170 2657.888170 2348.111830
Expired_Tickets_avrg_iid 90 100 153.432675 10.337409 163.770084 143.095266
Expired_Tickets_count_iid 90 100 5.690000 0.368674 6.058674 5.321326
Expired_Tickets_max_iid 90 100 341.250000 30.732847 371.982847 310.517153
Expired_Tickets_min_iid 90 100 62.500000 3.320526 65.820526 59.179474
Expired_Tickets_sum_iid 90 100 881.250000 83.818563 965.068563 797.431437
Paid_Tickets_avrg_iid 90 100 162.458732 1.835635 164.294367 160.623096
Paid_Tickets_count_iid 90 100 179.920000 0.675469 180.595469 179.244531
Paid_Tickets_max_iid 90 100 500.000000 0.000000 500.000000 500.000000
Paid_Tickets_min_iid 90 100 50.000000 0.000000 50.000000 50.000000
Paid_Tickets_sum_iid 90 100 29234.000000 356.652781 29590.652781 28877.347219
