#name, percent, n, avrg, half length, lower ci endpoint, upper ci endpoint

Credit_Collection_Tickets_avrg_iid 95 30 175.602169 15.579162 191.181332 160.023007
Credit_Collection_Tickets_count_iid 95 30 12.366667 0.846210 13.212877 11.520457
Credit_Collection_Tickets_max_iid 95 30 488.333333 23.858333 512.191667 464.475000
Credit_Collection_Tickets_min_iid 95 30 53.333333 3.227229 56.560562 50.106105
Credit_Collection_Tickets_sum_iid 95 30 2183.333333 270.398477 2453.731811 1912.934856
Expired_Tickets_avrg_iid 95 30 158.517472 12.381288 170.898760 146.136184
Expired_Tickets_count_iid 95 30 29.133333 1.785843 30.919176 27.347490
Expired_Tickets_max_iid 95 30 476.666667 33.153938 509.820604 443.512729
Expired_Tickets_min_iid 95 30 50.000000 0.000000 50.000000 50.000000
Expired_Tickets_sum_iid 95 30 4608.333333 440.260432 5048.593765 4168.072902
Paid_Tickets_avrg_iid 95 30 159.049659 4.445658 163.495317 154.604001
Paid_Tickets_count_iid 95 30 158.500000 2.163225 160.663225 156.336775
Paid_Tickets_max_iid 95 30 500.000000 0.000000 500.000000 500.000000
Paid_Tickets_min_iid 95 30 50.000000 0.000000 50.000000 50.000000
Paid_Tickets_sum_iid 95 30 25225.000000 850.091243 26075.091243 24374.908757
