#name, percent, n, avrg, half length, lower ci endpoint, upper ci endpoint

Credit_Collection_Tickets_avrg_iid 99 30 175.602169 20.995683 196.597852 154.606487
Credit_Collection_Tickets_count_iid 99 30 12.366667 1.140418 13.507085 11.226248
Credit_Collection_Tickets_max_iid 99 30 488.333333 32.153333 520.486667 456.180000
Credit_Collection_Tickets_min_iid 99 30 53.333333 4.349263 57.682596 48.984071
Credit_Collection_Tickets_sum_iid 99 30 2183.333333 364.409879 2547.743213 1818.923454
Expired_Tickets_avrg_iid 99 30 158.517472 16.685980 175.203453 141.831492
Expired_Tickets_count_iid 99 30 29.133333 2.406740 31.540073 26.726594
Expired_Tickets_max_iid 99 30 476.666667 44.680808 521.347475 431.985859
Expired_Tickets_min_iid 99 30 50.000000 0.000000 50.000000 50.000000
Expired_Tickets_sum_iid 99 30 4608.333333 593.328973 5201.662306 4015.004360
Paid_Tickets_avrg_iid 99 30 159.049659 5.991312 165.040972 153.058347
Paid_Tickets_count_iid 99 30 158.500000 2.915329 161.415329 155.584671
Paid_Tickets_max_iid 99 30 500.000000 0.000000 500.000000 500.000000
Paid_Tickets_min_iid 99 30 50.000000 0.000000 50.000000 50.000000
Paid_Tickets_sum_iid 99 30 25225.000000 1145.648639 26370.648639 24079.351361
