#name, percent, n, avrg, half length, lower ci endpoint, upper ci endpoint

Credit_Collection_Tickets_avrg_iid 90 30 175.602169 12.943275 188.545444 162.658895
Credit_Collection_Tickets_count_iid 90 30 12.366667 0.703037 13.069704 11.663629
Credit_Collection_Tickets_max_iid 90 30 488.333333 19.821667 508.155000 468.511667
Credit_Collection_Tickets_min_iid 90 30 53.333333 2.681204 56.014537 50.652130
Credit_Collection_Tickets_sum_iid 90 30 2183.333333 224.648906 2407.982239 1958.684427
Expired_Tickets_avrg_iid 90 30 158.517472 10.286459 168.803931 148.231013
Expired_Tickets_count_iid 90 30 29.133333 1.483690 30.617024 27.649643
Expired_Tickets_max_iid 90 30 476.666667 27.544518 504.211185 449.122148
Expired_Tickets_min_iid 90 30 50.000000 0.000000 50.000000 50.000000
Expired_Tickets_sum_iid 90 30 4608.333333 365.771381 4974.104714 4242.561953
Paid_Tickets_avrg_iid 90 30 159.049659 3.693483 162.743142 155.356176
Paid_Tickets_count_iid 90 30 158.500000 1.797222 160.297222 156.702778
Paid_Tickets_max_iid 90 30 500.000000 0.000000 500.000000 500.000000
Paid_Tickets_min_iid 90 30 50.000000 0.000000 50.000000 50.000000
Paid_Tickets_sum_iid 90 30 25225.000000 706.261625 25931.261625 24518.738375
