#name, percent, n, avrg, half length, lower ci endpoint, upper ci endpoint

Credit_Collection_Tickets_avrg_iid 90 30 168.376885 13.604710 181.981595 154.772174
Credit_Collection_Tickets_count_iid 90 30 13.866667 1.279566 15.146233 12.587101
Credit_Collection_Tickets_max_iid 90 30 476.666667 27.544518 504.211185 449.122148
Credit_Collection_Tickets_min_iid 90 30 51.666667 1.967466 53.634132 49.699201
Credit_Collection_Tickets_sum_iid 90 30 2347.500000 285.841795 2633.341795 2061.658205
Expired_Tickets_avrg_iid 90 30 161.805255 26.288832 188.094087 135.516423
Expired_Tickets_count_iid 90 30 6.800000 0.867472 7.667472 5.932528
Expired_Tickets_max_iid 90 30 365.000000 56.312642 421.312642 308.687358
Expired_Tickets_min_iid 90 30 75.000000 25.354474 100.354474 49.645526
Expired_Tickets_sum_iid 90 30 1040.000000 169.246973 1209.246973 870.753027
Paid_Tickets_avrg_iid 90 30 163.794710 3.530326 167.325036 160.264384
Paid_Tickets_count_iid 90 30 179.333333 1.792755 181.126088 177.540578
Paid_Tickets_max_iid 90 30 500.000000 0.000000 500.000000 500.000000
Paid_Tickets_min_iid 90 30 50.000000 0.000000 50.000000 50.000000
Paid_Tickets_sum_iid 90 30 29377.500000 712.745327 30090.245327 28664.754673
