#name, percent, n, avrg, half length, lower ci endpoint, upper ci endpoint

Credit_Collection_Tickets_avrg_iid 99 30 168.376885 22.068618 190.445502 146.308267
Credit_Collection_Tickets_count_iid 99 30 13.866667 2.075623 15.942290 11.791044
Credit_Collection_Tickets_max_iid 99 30 476.666667 44.680808 521.347475 431.985859
Credit_Collection_Tickets_min_iid 99 30 51.666667 3.191486 54.858153 48.475180
Credit_Collection_Tickets_sum_iid 99 30 2347.500000 463.672741 2811.172741 1883.827259
Expired_Tickets_avrg_iid 99 30 161.805255 42.643921 204.449176 119.161334
Expired_Tickets_count_iid 99 30 6.800000 1.407152 8.207152 5.392848
Expired_Tickets_max_iid 99 30 365.000000 91.346464 456.346464 273.653536
Expired_Tickets_min_iid 99 30 75.000000 41.128270 116.128270 33.871730
Expired_Tickets_sum_iid 99 30 1040.000000 274.540706 1314.540706 765.459294
Paid_Tickets_avrg_iid 99 30 163.794710 5.726650 169.521360 158.068060
Paid_Tickets_count_iid 99 30 179.333333 2.908083 182.241416 176.425251
Paid_Tickets_max_iid 99 30 500.000000 0.000000 500.000000 500.000000
Paid_Tickets_min_iid 99 30 50.000000 0.000000 50.000000 50.000000
Paid_Tickets_sum_iid 99 30 29377.500000 1156.166051 30533.666051 28221.333949
