#name, percent, n, avrg, half length, lower ci endpoint, upper ci endpoint

Credit_Collection_Tickets_avrg_iid 90 30 158.810355 13.428681 172.239037 145.381674
Credit_Collection_Tickets_count_iid 90 30 14.666667 1.275931 15.942597 13.390736
Credit_Collection_Tickets_max_iid 90 30 453.333333 37.536851 490.870185 415.796482
Credit_Collection_Tickets_min_iid 90 30 51.666667 1.967466 53.634132 49.699201
Credit_Collection_Tickets_sum_iid 90 30 2360.000000 299.171705 2659.171705 2060.828295
Expired_Tickets_avrg_iid 90 30 135.948413 24.604785 160.553197 111.343628
Expired_Tickets_count_iid 90 30 3.033333 0.543310 3.576643 2.490024
Expired_Tickets_max_iid 90 30 240.833333 58.829830 299.663163 182.003503
Expired_Tickets_min_iid 90 30 66.666667 8.719859 75.386526 57.946807
Expired_Tickets_sum_iid 90 30 471.666667 129.246596 600.913263 342.420071
Paid_Tickets_avrg_iid 90 30 164.183669 3.234648 167.418317 160.949021
Paid_Tickets_count_iid 90 30 182.300000 1.382796 183.682796 180.917204
Paid_Tickets_max_iid 90 30 500.000000 0.000000 500.000000 500.000000
Paid_Tickets_min_iid 90 30 50.000000 0.000000 50.000000 50.000000
Paid_Tickets_sum_iid 90 30 29940.000000 672.158478 30612.158478 29267.841522
