#name, percent, n, avrg, half length, lower ci endpoint, upper ci endpoint

Credit_Collection_Tickets_avrg_iid 95 30 158.810355 16.163421 174.973777 142.646934
Credit_Collection_Tickets_count_iid 95 30 14.666667 1.535773 16.202439 13.130894
Credit_Collection_Tickets_max_iid 95 30 453.333333 45.181201 498.514534 408.152132
Credit_Collection_Tickets_min_iid 95 30 51.666667 2.368138 54.034805 49.298528
Credit_Collection_Tickets_sum_iid 95 30 2360.000000 360.097785 2720.097785 1999.902215
Expired_Tickets_avrg_iid 95 30 135.948413 29.615529 165.563942 106.332883
Expired_Tickets_count_iid 95 30 3.033333 0.653954 3.687288 2.379379
Expired_Tickets_max_iid 95 30 240.833333 70.810478 311.643811 170.022855
Expired_Tickets_min_iid 95 30 66.666667 10.495652 77.162318 56.171015
Expired_Tickets_sum_iid 95 30 471.666667 155.567563 627.234229 316.099104
Paid_Tickets_avrg_iid 95 30 164.183669 3.893382 168.077051 160.290287
Paid_Tickets_count_iid 95 30 182.300000 1.664401 183.964401 180.635599
Paid_Tickets_max_iid 95 30 500.000000 0.000000 500.000000 500.000000
Paid_Tickets_min_iid 95 30 50.000000 0.000000 50.000000 50.000000
Paid_Tickets_sum_iid 95 30 29940.000000 809.043018 30749.043018 29130.956982
