#name, percent, n, avrg, half length, lower ci endpoint, upper ci endpoint

Credit_Collection_Tickets_avrg_iid 95 30 173.241364 15.741334 188.982698 157.500030
Credit_Collection_Tickets_count_iid 95 30 11.700000 1.079221 12.779221 10.620779
Credit_Collection_Tickets_max_iid 95 30 475.000000 35.606552 510.606552 439.393448
Credit_Collection_Tickets_min_iid 95 30 53.333333 3.227229 56.560562 50.106105
Credit_Collection_Tickets_sum_iid 95 30 2026.666667 240.534725 2267.201392 1786.131942
Expired_Tickets_avrg_iid 95 30 166.316327 7.053435 173.369761 159.262892
Expired_Tickets_count_iid 95 30 33.500000 1.758766 35.258766 31.741234
Expired_Tickets_max_iid 95 30 500.000000 0.000000 500.000000 500.000000
Expired_Tickets_min_iid 95 30 50.000000 0.000000 50.000000 50.000000
Expired_Tickets_sum_iid 95 30 5579.166667 381.105954 5960.272621 5198.060713
Paid_Tickets_avrg_iid 95 30 162.246950 4.780490 167.027440 157.466459
Paid_Tickets_count_iid 95 30 154.800000 1.912357 156.712357 152.887643
Paid_Tickets_max_iid 95 30 500.000000 0.000000 500.000000 500.000000
Paid_Tickets_min_iid 95 30 50.000000 0.000000 50.000000 50.000000
Paid_Tickets_sum_iid 95 30 25109.166667 771.676622 25880.843289 24337.490045
