#name, percent, n, avrg, half length, lower ci endpoint, upper ci endpoint

Credit_Collection_Tickets_avrg_iid 95 100 169.985749 8.242765 178.228515 161.742984
Credit_Collection_Tickets_count_iid 95 100 13.980000 0.697548 14.677548 13.282452
Credit_Collection_Tickets_max_iid 95 100 482.500000 15.271672 497.771672 467.228328
Credit_Collection_Tickets_min_iid 95 100 53.000000 2.036770 55.036770 50.963230
Credit_Collection_Tickets_sum_iid 95 100 2353.000000 153.509053 2506.509053 2199.490947
Expired_Tickets_avrg_iid 95 100 156.224942 10.589329 166.814271 145.635613
Expired_Tickets_count_iid 95 100 7.110000 0.546739 7.656739 6.563261
Expired_Tickets_max_iid 95 100 395.000000 32.972859 427.972859 362.027141
Expired_Tickets_min_iid 95 100 58.500000 3.103155 61.603155 55.396845
Expired_Tickets_sum_iid 95 100 1114.500000 110.559625 1225.059625 1003.940375
Paid_Tickets_avrg_iid 95 100 163.367241 2.229511 165.596752 161.137731
Paid_Tickets_count_iid 95 100 178.910000 0.884118 179.794118 178.025882
Paid_Tickets_max_iid 95 100 500.000000 0.000000 500.000000 500.000000
Paid_Tickets_min_iid 95 100 50.000000 0.000000 50.000000 50.000000
Paid_Tickets_sum_iid 95 100 29229.000000 427.321251 29656.321251 28801.678749
