#name, percent, n, avrg, half length, lower ci endpoint, upper ci endpoint

Credit_Collection_Tickets_avrg_iid 99 100 169.985749 10.936560 180.922310 159.049189
Credit_Collection_Tickets_count_iid 99 100 13.980000 0.925511 14.905511 13.054489
Credit_Collection_Tickets_max_iid 99 100 482.500000 20.262565 502.762565 462.237435
Credit_Collection_Tickets_min_iid 99 100 53.000000 2.702401 55.702401 50.297599
Credit_Collection_Tickets_sum_iid 99 100 2353.000000 203.676922 2556.676922 2149.323078
Expired_Tickets_avrg_iid 99 100 156.224942 14.049998 170.274940 142.174944
Expired_Tickets_count_iid 99 100 7.110000 0.725417 7.835417 6.384583
Expired_Tickets_max_iid 99 100 395.000000 43.748628 438.748628 351.251372
Expired_Tickets_min_iid 99 100 58.500000 4.117288 62.617288 54.382712
Expired_Tickets_sum_iid 99 100 1114.500000 146.691310 1261.191310 967.808690
Paid_Tickets_avrg_iid 99 100 163.367241 2.958131 166.325372 160.409110
Paid_Tickets_count_iid 99 100 178.910000 1.173054 180.083054 177.736946
Paid_Tickets_max_iid 99 100 500.000000 0.000000 500.000000 500.000000
Paid_Tickets_min_iid 99 100 50.000000 0.000000 50.000000 50.000000
Paid_Tickets_sum_iid 99 100 29229.000000 566.972925 29795.972925 28662.027075
