#name, percent, n, avrg, half length, lower ci endpoint, upper ci endpoint

Credit_Collection_Tickets_avrg_iid 90 100 169.985749 6.889661 176.875410 163.096089
Credit_Collection_Tickets_count_iid 90 100 13.980000 0.583041 14.563041 13.396959
Credit_Collection_Tickets_max_iid 90 100 482.500000 12.764726 495.264726 469.735274
Credit_Collection_Tickets_min_iid 90 100 53.000000 1.702420 54.702420 51.297580
Credit_Collection_Tickets_sum_iid 90 100 2353.000000 128.309525 2481.309525 2224.690475
Expired_Tickets_avrg_iid 90 100 156.224942 8.851020 165.075962 147.373922
Expired_Tickets_count_iid 90 100 7.110000 0.456988 7.566988 6.653012
Expired_Tickets_max_iid 90 100 395.000000 27.560146 422.560146 367.439854
Expired_Tickets_min_iid 90 100 58.500000 2.593751 61.093751 55.906249
Expired_Tickets_sum_iid 90 100 1114.500000 92.410530 1206.910530 1022.089470
Paid_Tickets_avrg_iid 90 100 163.367241 1.863522 165.230763 161.503719
Paid_Tickets_count_iid 90 100 178.910000 0.738984 179.648984 178.171016
Paid_Tickets_max_iid 90 100 500.000000 0.000000 500.000000 500.000000
Paid_Tickets_min_iid 90 100 50.000000 0.000000 50.000000 50.000000
Paid_Tickets_sum_iid 90 100 29229.000000 357.173636 29586.173636 28871.826364
